Magnetic Field (T)	Diode Voltage (V)	Hall probe (V)	Acquisition Time 		
Tesla	Volts	Volts	Seconds		
NaN	NaN	NaN	0.0000000E+0
NaN	NaN	NaN	100.0000015E-3
277.8420660E-3	-1.0890569E+0	2.5719489E+0	200.0000030E-3
277.8534038E-3	-1.1056486E+0	2.5720536E+0	300.0000119E-3
277.9401243E-3	-1.1302665E+0	2.5728543E+0	400.0000060E-3
278.0926703E-3	-1.1321157E+0	2.5742629E+0	500.0000000E-3
278.2755659E-3	-1.1269943E+0	2.5759517E+0	600.0000238E-3
278.4180423E-3	-1.0669952E+0	2.5772672E+0	699.9999881E-3
278.5963313E-3	-1.0692037E+0	2.5789135E+0	800.0000119E-3
278.7605937E-3	-1.0751365E+0	2.5804302E+0	900.0000358E-3
278.9365945E-3	-1.0479636E+0	2.5820554E+0	1.0000000E+0
279.0951096E-3	-1.0688956E+0	2.5835190E+0	1.1000000E+0
279.2578303E-3	-1.0781184E+0	2.5850215E+0	1.2000000E+0
279.4324188E-3	-1.0711444E+0	2.5866336E+0	1.3000001E+0
279.6137776E-3	-1.0699164E+0	2.5883082E+0	1.4000000E+0
279.7880750E-3	-1.0647824E+0	2.5899176E+0	1.5000000E+0
279.9842028E-3	-1.0585682E+0	2.5917286E+0	1.6000000E+0
280.1453815E-3	-1.0839292E+0	2.5932168E+0	1.7000000E+0
280.3318279E-3	-1.0445367E+0	2.5949384E+0	1.8000001E+0
280.5143419E-3	-1.0856335E+0	2.5966237E+0	1.9000000E+0
280.6805446E-3	-1.0715443E+0	2.5981583E+0	2.0000000E+0
280.8750182E-3	-1.0917719E+0	2.5999540E+0	2.1000001E+0
281.0314088E-3	-1.0866671E+0	2.6013980E+0	2.2000000E+0
281.2319990E-3	-1.0863422E+0	2.6032502E+0	2.3000000E+0
281.4244441E-3	-1.0918951E+0	2.6050272E+0	2.4000001E+0
281.6036326E-3	-1.1606503E+0	2.6066817E+0	2.5000000E+0
281.7870310E-3	-1.0698096E+0	2.6083752E+0	2.6000001E+0
281.9299118E-3	-1.0548395E+0	2.6096945E+0	2.7000000E+0
282.1473100E-3	-1.1130906E+0	2.6117018E+0	2.8000000E+0
282.3374340E-3	-1.0996882E+0	2.6134574E+0	2.9000001E+0
282.4966910E-3	-1.0730033E+0	2.6149279E+0	3.0000000E+0
282.6891690E-3	-1.1051547E+0	2.6167052E+0	3.1000001E+0
282.8504668E-3	-1.0877159E+0	2.6181945E+0	3.2000000E+0
283.0260698E-3	-1.0559734E+0	2.6198160E+0	3.3000000E+0
283.2387710E-3	-1.1140470E+0	2.6217800E+0	3.4000001E+0
283.4429505E-3	-1.1037012E+0	2.6236653E+0	3.5000000E+0
283.6287293E-3	-1.0928502E+0	2.6253807E+0	3.6000001E+0
283.8041708E-3	-1.0806223E+0	2.6270007E+0	3.7000000E+0
283.9687110E-3	-1.1358808E+0	2.6285200E+0	3.8000000E+0
284.1475882E-3	-1.0345639E+0	2.6301716E+0	3.9000001E+0
284.3376228E-3	-1.0791060E+0	2.6319263E+0	4.0000000E+0
284.5366561E-3	-1.0799711E+0	2.6337641E+0	4.0999999E+0
284.7178724E-3	-1.0975780E+0	2.6354374E+0	4.2000003E+0
284.8928207E-3	-1.1090018E+0	2.6370528E+0	4.3000002E+0
285.0860049E-3	-1.0822404E+0	2.6388366E+0	4.4000001E+0
285.2723625E-3	-1.0981802E+0	2.6405574E+0	4.5000000E+0
285.4445343E-3	-1.1237335E+0	2.6421471E+0	4.5999999E+0
285.6182569E-3	-1.0900083E+0	2.6437512E+0	4.7000003E+0
285.8111936E-3	-1.0769976E+0	2.6455327E+0	4.8000002E+0
285.9978668E-3	-1.0665993E+0	2.6472564E+0	4.9000001E+0
286.1589785E-3	-1.0482169E+0	2.6487440E+0	5.0000000E+0
286.3660044E-3	-1.0888065E+0	2.6506556E+0	5.0999999E+0
286.5670018E-3	-1.0741895E+0	2.6525116E+0	5.2000003E+0
286.7312867E-3	-1.1186669E+0	2.6540285E+0	5.3000002E+0
286.9298088E-3	-1.1743576E+0	2.6558616E+0	5.4000001E+0
287.0973302E-3	-1.0928237E+0	2.6574084E+0	5.5000000E+0
287.2732910E-3	-1.0859146E+0	2.6590332E+0	5.5999999E+0
287.4673199E-3	-1.0487569E+0	2.6608247E+0	5.7000003E+0
287.6684229E-3	-1.0539692E+0	2.6626817E+0	5.8000002E+0
287.8257738E-3	-1.0356772E+0	2.6641346E+0	5.9000001E+0
288.0157603E-3	-1.0813366E+0	2.6658888E+0	6.0000000E+0
288.1849507E-3	-1.0526028E+0	2.6674511E+0	6.0999999E+0
288.3519315E-3	-1.0578114E+0	2.6689929E+0	6.2000003E+0
288.5706063E-3	-1.0552883E+0	2.6710121E+0	6.3000002E+0
288.7409994E-3	-1.0421199E+0	2.6725854E+0	6.4000001E+0
288.9113975E-3	-1.0190042E+0	2.6741588E+0	6.5000000E+0
289.1117262E-3	-1.0338766E+0	2.6760086E+0	6.5999999E+0
289.3050144E-3	-1.0758212E+0	2.6777933E+0	6.7000003E+0
289.4717181E-3	-1.1191692E+0	2.6793326E+0	6.8000002E+0
289.6520367E-3	-1.0746607E+0	2.6809976E+0	6.9000001E+0
289.8618597E-3	-1.0800527E+0	2.6829350E+0	7.0000000E+0
290.0210893E-3	-1.0171888E+0	2.6844053E+0	7.0999999E+0
290.2090871E-3	-1.0308473E+0	2.6861412E+0	7.2000003E+0
290.4333259E-3	-1.0600836E+0	2.6882117E+0	7.3000002E+0
290.5787508E-3	-975.0603800E-3	2.6895545E+0	7.4000001E+0
290.7869912E-3	-1.0523953E+0	2.6914773E+0	7.5000000E+0
290.9500559E-3	-982.9962698E-3	2.6929830E+0	7.5999999E+0
291.1353962E-3	-986.2990734E-3	2.6946943E+0	7.7000003E+0
291.3512062E-3	-1.0545587E+0	2.6966870E+0	7.8000002E+0
291.5310795E-3	-1.0304405E+0	2.6983479E+0	7.9000001E+0
291.7165561E-3	-1.0301149E+0	2.7000605E+0	8.0000000E+0
291.8932060E-3	-965.2292359E-3	2.7016917E+0	8.1000004E+0
292.0895226E-3	-1.0481265E+0	2.7035044E+0	8.1999998E+0
292.2607938E-3	-1.0140371E+0	2.7050858E+0	8.3000002E+0
292.4660365E-3	-1.0478288E+0	2.7069809E+0	8.4000006E+0
292.6326129E-3	-987.3659819E-3	2.7085190E+0	8.5000000E+0
292.8311824E-3	-973.7773786E-3	2.7103526E+0	8.6000004E+0
293.0149266E-3	-999.8436297E-3	2.7120492E+0	8.6999998E+0
293.2127644E-3	-1.0084158E+0	2.7138759E+0	8.8000002E+0
293.3938461E-3	-1.0135062E+0	2.7155480E+0	8.9000006E+0
293.5647827E-3	-1.0120448E+0	2.7171263E+0	9.0000000E+0
293.7498710E-3	-1.0543340E+0	2.7188354E+0	9.1000004E+0
293.9666721E-3	-1.0830603E+0	2.7208372E+0	9.1999998E+0
294.1260196E-3	-985.5663734E-3	2.7223086E+0	9.3000002E+0
294.3188390E-3	-999.5525965E-3	2.7240890E+0	9.4000006E+0
294.5182097E-3	-970.1945291E-3	2.7259299E+0	9.5000000E+0
294.7048829E-3	-1.0184423E+0	2.7276536E+0	9.6000004E+0
294.9076535E-3	-965.2883968E-3	2.7295259E+0	9.6999998E+0
295.0744282E-3	-960.6766609E-3	2.7310658E+0	9.8000002E+0
295.2618405E-3	-977.5464389E-3	2.7327963E+0	9.9000006E+0
295.4369285E-3	-983.1789419E-3	2.7344130E+0	10.0000000E+0
295.6460961E-3	-935.7261420E-3	2.7363444E+0	10.1000004E+0
295.8386480E-3	-902.0557181E-3	2.7381223E+0	10.1999998E+0
295.9922152E-3	-957.9473247E-3	2.7395403E+0	10.3000002E+0
296.1951830E-3	-901.1648326E-3	2.7414144E+0	10.4000006E+0
296.3907135E-3	-984.1050846E-3	2.7432199E+0	10.5000000E+0
296.5663707E-3	-990.1151725E-3	2.7448418E+0	10.6000004E+0
296.7564271E-3	-953.2533753E-3	2.7465967E+0	10.6999998E+0
296.9368121E-3	-933.4736731E-3	2.7482623E+0	10.8000002E+0
297.1213574E-3	-896.6422843E-3	2.7499664E+0	10.9000006E+0
297.3891898E-3	-886.1800387E-3	2.7524394E+0	11.0000000E+0
297.5953961E-3	-935.0738294E-3	2.7543435E+0	11.1000004E+0
297.6804729E-3	-905.5199212E-3	2.7551290E+0	11.1999998E+0
297.8279281E-3	-890.3842404E-3	2.7564906E+0	11.3000002E+0
298.0616920E-3	-874.0145990E-3	2.7586490E+0	11.4000006E+0
298.2503880E-3	-892.2262762E-3	2.7603914E+0	11.5000000E+0
298.4409862E-3	-856.5312683E-3	2.7621513E+0	11.6000004E+0
298.6226266E-3	-890.2701742E-3	2.7638285E+0	11.6999998E+0
298.8244951E-3	-864.8628660E-3	2.7656925E+0	11.8000002E+0
298.9891123E-3	-841.7512768E-3	2.7672125E+0	11.9000006E+0
299.1772859E-3	-837.5152367E-3	2.7689500E+0	12.0000000E+0
299.3698283E-3	-826.7921032E-3	2.7707279E+0	12.1000004E+0
299.5434632E-3	-841.9047929E-3	2.7723311E+0	12.1999998E+0
299.7581687E-3	-847.5322149E-3	2.7743137E+0	12.3000002E+0
299.9230742E-3	-858.7843200E-3	2.7758363E+0	12.4000006E+0
300.1359452E-3	-813.4394370E-3	2.7778019E+0	12.5000000E+0
300.2983211E-3	-767.3415508E-3	2.7793012E+0	12.6000004E+0
300.4804363E-3	-736.7339648E-3	2.7809828E+0	12.6999998E+0
300.6945441E-3	-754.3789474E-3	2.7829598E+0	12.8000002E+0
300.8576239E-3	-767.3461778E-3	2.7844656E+0	12.9000006E+0
301.0649693E-3	-748.2307451E-3	2.7863801E+0	13.0000000E+0
301.2452717E-3	-770.0326379E-3	2.7880450E+0	13.1000004E+0
301.4229356E-3	-687.4415690E-3	2.7896855E+0	13.1999998E+0
301.6140774E-3	-757.4011583E-3	2.7914504E+0	13.3000002E+0
301.7861497E-3	-709.2124602E-3	2.7930392E+0	13.4000006E+0
301.9984408E-3	-721.3345131E-3	2.7949995E+0	13.5000000E+0
302.1540370E-3	-701.8730594E-3	2.7964362E+0	13.6000004E+0
302.3643656E-3	-716.7479808E-3	2.7983783E+0	13.6999998E+0
302.5594017E-3	-709.1584112E-3	2.8001791E+0	13.8000002E+0
302.7332377E-3	-614.7982793E-3	2.8017843E+0	13.9000006E+0
302.9156875E-3	-638.0070198E-3	2.8034690E+0	14.0000000E+0
303.1227933E-3	-658.9113729E-3	2.8053813E+0	14.1000004E+0
303.2776660E-3	-706.7866816E-3	2.8068113E+0	14.1999998E+0
303.4913911E-3	-683.2769265E-3	2.8087848E+0	14.3000002E+0
303.6720941E-3	-692.6518934E-3	2.8104533E+0	14.4000006E+0
303.8521959E-3	-669.1023314E-3	2.8121163E+0	14.5000000E+0
304.0725756E-3	-690.9158769E-3	2.8141512E+0	14.6000004E+0
304.2658554E-3	-734.8540823E-3	2.8159359E+0	14.6999998E+0
304.4552134E-3	-719.8376782E-3	2.8176843E+0	14.8000002E+0
304.6514596E-3	-747.4081663E-3	2.8194964E+0	14.9000006E+0
304.8495711E-3	-727.9445049E-3	2.8213257E+0	15.0000000E+0
305.0295824E-3	-802.2292227E-3	2.8229878E+0	15.1000004E+0
305.2295369E-3	-824.6525296E-3	2.8248341E+0	15.1999998E+0
305.4314466E-3	-898.4221724E-3	2.8266985E+0	15.3000002E+0
305.6092859E-3	-979.3442006E-3	2.8283406E+0	15.4000006E+0
305.8402761E-3	-1.0339482E+0	2.8304735E+0	15.5000000E+0
306.0045899E-3	-1.1204708E+0	2.8319907E+0	15.6000004E+0
306.2121456E-3	-1.2298722E+0	2.8339072E+0	15.6999998E+0
306.4091401E-3	-1.2644699E+0	2.8357261E+0	15.8000002E+0
306.6074321E-3	-1.3459915E+0	2.8375571E+0	15.9000006E+0
306.8048531E-3	-1.4397821E+0	2.8393800E+0	16.0000000E+0
307.0020417E-3	-1.5041654E+0	2.8412008E+0	16.1000004E+0
307.1681689E-3	-1.4969332E+0	2.8427347E+0	16.2000008E+0
307.3814460E-3	-1.5232703E+0	2.8447040E+0	16.3000011E+0
307.5452108E-3	-1.6008911E+0	2.8462162E+0	16.3999996E+0
307.7726747E-3	-1.6074855E+0	2.8483165E+0	16.5000000E+0
307.9588306E-3	-1.6179821E+0	2.8500354E+0	16.6000004E+0
308.1545248E-3	-1.6182303E+0	2.8518423E+0	16.7000008E+0
308.3662701E-3	-1.7297040E+0	2.8537975E+0	16.8000011E+0
308.5657598E-3	-1.6480222E+0	2.8556395E+0	16.8999996E+0
308.7637249E-3	-1.6770282E+0	2.8574675E+0	17.0000000E+0
308.9404028E-3	-1.6718380E+0	2.8590988E+0	17.1000004E+0
309.1199728E-3	-1.6412315E+0	2.8607569E+0	17.2000008E+0
309.2794722E-3	-1.6471743E+0	2.8622297E+0	17.3000011E+0
309.4988386E-3	-1.6478727E+0	2.8642552E+0	17.3999996E+0
309.7118699E-3	-1.6511573E+0	2.8662223E+0	17.5000000E+0
309.8597260E-3	-1.5530219E+0	2.8675875E+0	17.6000004E+0
310.0415423E-3	-1.5594769E+0	2.8692663E+0	17.7000008E+0
310.2822926E-3	-1.5691998E+0	2.8714893E+0	17.8000011E+0
310.4458791E-3	-1.5149170E+0	2.8729998E+0	17.8999996E+0
310.6396426E-3	-1.5171307E+0	2.8747889E+0	18.0000000E+0
310.8404194E-3	-1.4978113E+0	2.8766428E+0	18.1000004E+0
311.0087656E-3	-1.5141657E+0	2.8781973E+0	18.2000008E+0
311.2096061E-3	-1.4680703E+0	2.8800518E+0	18.3000011E+0
311.4110153E-3	-1.4984193E+0	2.8819115E+0	18.3999996E+0
311.6151835E-3	-1.3920250E+0	2.8837967E+0	18.5000000E+0
311.7687721E-3	-1.3707654E+0	2.8852149E+0	18.6000004E+0
311.9634272E-3	-1.4189141E+0	2.8870123E+0	18.7000008E+0
312.1665336E-3	-1.4258729E+0	2.8888877E+0	18.8000011E+0
312.3602882E-3	-1.3621102E+0	2.8906767E+0	18.8999996E+0
312.5389297E-3	-1.3387627E+0	2.8923262E+0	19.0000000E+0
312.7132651E-3	-1.3640809E+0	2.8939360E+0	19.1000004E+0
312.9320555E-3	-1.3930699E+0	2.8959562E+0	19.2000008E+0
313.1006386E-3	-1.3564475E+0	2.8975128E+0	19.3000011E+0
313.2930650E-3	-1.3151852E+0	2.8992896E+0	19.3999996E+0
313.4657996E-3	-1.3081876E+0	2.9008846E+0	19.5000000E+0
313.6818303E-3	-1.3135624E+0	2.9028793E+0	19.6000004E+0
313.8867847E-3	-1.2746678E+0	2.9047718E+0	19.7000008E+0
314.0710021E-3	-1.2558243E+0	2.9064728E+0	19.8000011E+0
314.2631981E-3	-1.2799727E+0	2.9082474E+0	19.8999996E+0
314.4557750E-3	-1.2759535E+0	2.9100256E+0	20.0000000E+0
314.6504887E-3	-1.2535783E+0	2.9118235E+0	20.1000004E+0
314.8300186E-3	-1.2313388E+0	2.9134812E+0	20.2000008E+0
315.0104137E-3	-1.2455442E+0	2.9151469E+0	20.3000011E+0
315.1955338E-3	-1.2394736E+0	2.9168563E+0	20.3999996E+0
315.3813914E-3	-1.1875540E+0	2.9185724E+0	20.5000000E+0
315.5638518E-3	-1.2542614E+0	2.9202572E+0	20.6000004E+0
315.7456251E-3	-1.2246626E+0	2.9219356E+0	20.7000008E+0
315.9356144E-3	-1.2219166E+0	2.9236899E+0	20.8000011E+0
316.1268652E-3	-1.1908522E+0	2.9254558E+0	20.8999996E+0
316.3199064E-3	-1.1955592E+0	2.9272383E+0	21.0000000E+0
316.5055075E-3	-1.1999628E+0	2.9289521E+0	21.1000004E+0
316.7069787E-3	-1.2764042E+0	2.9308124E+0	21.2000008E+0
316.9255384E-3	-1.2245619E+0	2.9328305E+0	21.3000011E+0
317.0951533E-3	-1.1881584E+0	2.9343966E+0	21.3999996E+0
317.2870376E-3	-1.2216787E+0	2.9361684E+0	21.5000000E+0
317.4714449E-3	-1.2279940E+0	2.9378711E+0	21.6000004E+0
317.6790495E-3	-1.1813396E+0	2.9397881E+0	21.7000008E+0
317.8741789E-3	-1.2286322E+0	2.9415898E+0	21.8000011E+0
318.0413436E-3	-1.1085189E+0	2.9431334E+0	21.8999996E+0
318.2457655E-3	-1.1697841E+0	2.9450209E+0	22.0000000E+0
318.4313125E-3	-1.1968045E+0	2.9467342E+0	22.1000004E+0
318.6098266E-3	-1.1757757E+0	2.9483825E+0	22.2000008E+0
318.8049320E-3	-1.1505838E+0	2.9501840E+0	22.3000011E+0
318.9987933E-3	-1.1767720E+0	2.9519741E+0	22.3999996E+0
319.1919563E-3	-1.1485590E+0	2.9537577E+0	22.5000000E+0
319.3699928E-3	-1.1457457E+0	2.9554016E+0	22.6000004E+0
319.5612816E-3	-1.0900434E+0	2.9571679E+0	22.7000008E+0
319.7786748E-3	-1.1697922E+0	2.9591752E+0	22.8000011E+0
319.9900078E-3	-1.2335641E+0	2.9611266E+0	22.8999996E+0
320.1534993E-3	-1.1012518E+0	2.9626362E+0	23.0000000E+0
320.3281711E-3	-1.1395348E+0	2.9642490E+0	23.1000004E+0
320.5416231E-3	-1.1589019E+0	2.9662200E+0	23.2000008E+0
320.7332995E-3	-1.1372462E+0	2.9679898E+0	23.3000011E+0
320.8944201E-3	-1.1184998E+0	2.9694776E+0	23.3999996E+0
321.1026677E-3	-1.1545165E+0	2.9714004E+0	23.5000000E+0
321.2859885E-3	-1.1646890E+0	2.9730932E+0	23.6000004E+0
321.4704952E-3	-1.1180719E+0	2.9747968E+0	23.7000008E+0
321.7052378E-3	-1.1195563E+0	2.9769643E+0	23.8000011E+0
321.8825615E-3	-1.1608764E+0	2.9786017E+0	23.8999996E+0
322.0490557E-3	-1.1013804E+0	2.9801390E+0	24.0000000E+0
322.2546922E-3	-1.1232158E+0	2.9820378E+0	24.1000004E+0
322.4531272E-3	-1.0819850E+0	2.9838701E+0	24.2000008E+0
322.6459421E-3	-1.1841428E+0	2.9856504E+0	24.3000011E+0
322.8220742E-3	-1.1057432E+0	2.9872768E+0	24.3999996E+0
323.0000895E-3	-1.1055937E+0	2.9889205E+0	24.5000000E+0
323.2193435E-3	-1.0992785E+0	2.9909450E+0	24.6000004E+0
323.4083530E-3	-1.0999738E+0	2.9926902E+0	24.7000008E+0
323.5944943E-3	-1.0854043E+0	2.9944090E+0	24.8000011E+0
323.7846166E-3	-1.0994680E+0	2.9961645E+0	24.8999996E+0
323.9793991E-3	-1.1133770E+0	2.9979631E+0	25.0000000E+0
324.1750934E-3	-1.1442332E+0	2.9997700E+0	25.1000004E+0
324.3437211E-3	-1.1266187E+0	3.0013271E+0	25.2000008E+0
324.5604507E-3	-1.1396063E+0	3.0033283E+0	25.3000011E+0
324.7633537E-3	-1.1389383E+0	3.0052018E+0	25.3999996E+0
324.9491073E-3	-1.1340864E+0	3.0069170E+0	25.5000000E+0
325.1447898E-3	-1.1183126E+0	3.0087238E+0	25.6000004E+0
325.3144991E-3	-1.1323343E+0	3.0102909E+0	25.7000008E+0
325.5314449E-3	-1.1406548E+0	3.0122940E+0	25.8000011E+0
325.7112852E-3	-1.1566457E+0	3.0139546E+0	25.8999996E+0
325.9206859E-3	-1.2049226E+0	3.0158881E+0	26.0000000E+0
326.1131394E-3	-1.1419575E+0	3.0176652E+0	26.1000004E+0
326.2742517E-3	-1.1465973E+0	3.0191528E+0	26.2000008E+0
326.4675862E-3	-1.1342575E+0	3.0209380E+0	26.3000011E+0
326.6582626E-3	-1.1725769E+0	3.0226986E+0	26.3999996E+0
326.8560311E-3	-1.1220355E+0	3.0245248E+0	26.5000000E+0
327.0585628E-3	-1.1491248E+0	3.0263949E+0	26.6000004E+0
327.2560551E-3	-1.0744303E+0	3.0282184E+0	26.7000008E+0
327.4281929E-3	-1.1278240E+0	3.0298079E+0	26.8000011E+0
327.6168872E-3	-1.1440515E+0	3.0315502E+0	26.8999996E+0
327.8179048E-3	-1.1491869E+0	3.0334063E+0	27.0000000E+0
328.0118985E-3	-1.1283699E+0	3.0351976E+0	27.1000004E+0
328.2079531E-3	-1.1105926E+0	3.0370079E+0	27.2000008E+0
328.3727508E-3	-1.1518250E+0	3.0385296E+0	27.3000011E+0
328.5711824E-3	-1.1563558E+0	3.0403618E+0	27.3999996E+0
328.7708743E-3	-1.1900073E+0	3.0422057E+0	27.5000000E+0
328.9632289E-3	-1.1670313E+0	3.0439818E+0	27.6000004E+0
329.1536176E-3	-1.1011855E+0	3.0457398E+0	27.7000008E+0
329.3434364E-3	-1.0522507E+0	3.0474925E+0	27.8000011E+0
329.5475530E-3	-1.1464210E+0	3.0493772E+0	27.8999996E+0
329.7179662E-3	-1.1544950E+0	3.0509507E+0	28.0000000E+0
329.9369895E-3	-1.0951842E+0	3.0529731E+0	28.1000004E+0
330.1247521E-3	-1.1123942E+0	3.0547069E+0	28.2000008E+0
330.3210584E-3	-1.1379550E+0	3.0565195E+0	28.3000011E+0
330.5134389E-3	-1.1435993E+0	3.0582958E+0	28.3999996E+0
330.6902564E-3	-1.0591210E+0	3.0599285E+0	28.5000000E+0
330.8866093E-3	-1.1186870E+0	3.0617415E+0	28.6000004E+0
331.0507148E-3	-1.0796596E+0	3.0632568E+0	28.7000008E+0
331.2856831E-3	-1.1348538E+0	3.0654264E+0	28.8000011E+0
331.4879269E-3	-1.2042234E+0	3.0672939E+0	28.8999996E+0
331.6564250E-3	-1.1562612E+0	3.0688497E+0	29.0000000E+0
331.8289147E-3	-1.1487179E+0	3.0704424E+0	29.1000004E+0
332.0228129E-3	-1.1901288E+0	3.0722328E+0	29.2000008E+0
332.1983193E-3	-1.1451289E+0	3.0738534E+0	29.3000011E+0
332.4024597E-3	-1.1275851E+0	3.0757383E+0	29.3999996E+0
332.5986601E-3	-1.1525065E+0	3.0775500E+0	29.5000000E+0
332.7992514E-3	-1.0928537E+0	3.0794021E+0	29.6000004E+0
332.9626094E-3	-1.0690792E+0	3.0809105E+0	29.7000008E+0
333.1478642E-3	-1.1197045E+0	3.0826211E+0	29.8000011E+0
333.3667646E-3	-1.1207458E+0	3.0846423E+0	29.8999996E+0
333.5541635E-3	-1.1070470E+0	3.0863727E+0	30.0000000E+0
333.7544219E-3	-1.1152052E+0	3.0882218E+0	30.1000004E+0
333.9387460E-3	-1.1354114E+0	3.0899238E+0	30.2000008E+0
334.0743465E-3	-1.1648012E+0	3.0911759E+0	30.3000011E+0
334.1614145E-3	-1.0963164E+0	3.0919798E+0	30.3999996E+0
334.1285074E-3	-1.0640145E+0	3.0916760E+0	30.5000000E+0
333.9931940E-3	-1.1010298E+0	3.0904265E+0	30.6000004E+0
333.8314633E-3	-1.1193399E+0	3.0889332E+0	30.7000008E+0
333.7021118E-3	-1.0892481E+0	3.0877388E+0	30.8000011E+0
333.5432179E-3	-1.0552197E+0	3.0862716E+0	30.8999996E+0
333.4275857E-3	-1.1619363E+0	3.0852039E+0	31.0000000E+0
333.2404371E-3	-1.1307029E+0	3.0834759E+0	31.1000004E+0
333.0907492E-3	-1.0814912E+0	3.0820937E+0	31.2000008E+0
332.9491913E-3	-1.1438958E+0	3.0807866E+0	31.3000011E+0
332.7631957E-3	-1.1245963E+0	3.0790692E+0	31.3999996E+0
332.6130547E-3	-1.0937201E+0	3.0776829E+0	31.5000000E+0
332.4468979E-3	-1.1093738E+0	3.0761486E+0	31.6000004E+0
332.2393212E-3	-1.1119876E+0	3.0742320E+0	31.7000008E+0
332.0929511E-3	-1.1103556E+0	3.0728804E+0	31.8000011E+0
331.9267562E-3	-1.1046702E+0	3.0713459E+0	31.8999996E+0
331.7544174E-3	-1.1258149E+0	3.0697545E+0	32.0000000E+0
331.5698106E-3	-1.1262199E+0	3.0680500E+0	32.1000023E+0
331.4010594E-3	-1.1460667E+0	3.0664918E+0	32.2000008E+0
331.2288831E-3	-1.1354350E+0	3.0649020E+0	32.2999992E+0
331.0552276E-3	-1.1296113E+0	3.0632985E+0	32.4000015E+0
330.9051044E-3	-1.1173539E+0	3.0619123E+0	32.5000000E+0
330.7214753E-3	-1.0925886E+0	3.0602168E+0	32.6000023E+0
330.5553559E-3	-1.1621836E+0	3.0586829E+0	32.7000008E+0
330.3865321E-3	-1.1304884E+0	3.0571240E+0	32.7999992E+0
330.2370542E-3	-1.1019342E+0	3.0557438E+0	32.9000015E+0
330.0345249E-3	-1.1082161E+0	3.0538737E+0	33.0000000E+0
329.8532901E-3	-1.1163260E+0	3.0522003E+0	33.1000023E+0
329.6824831E-3	-1.1562497E+0	3.0506231E+0	33.2000008E+0
329.5149274E-3	-1.1078240E+0	3.0490760E+0	33.2999992E+0
329.3512012E-3	-1.1423075E+0	3.0475642E+0	33.4000015E+0
329.1756524E-3	-1.1316215E+0	3.0459432E+0	33.5000000E+0
328.9844955E-3	-1.1092753E+0	3.0441782E+0	33.6000023E+0
328.8026552E-3	-1.1236373E+0	3.0424991E+0	33.7000008E+0
328.6351899E-3	-1.1113813E+0	3.0409528E+0	33.7999992E+0
328.4779832E-3	-1.1111528E+0	3.0395012E+0	33.9000015E+0
328.2884129E-3	-1.0596455E+0	3.0377508E+0	34.0000000E+0
328.1257537E-3	-1.0449258E+0	3.0362489E+0	34.1000023E+0
327.9445709E-3	-1.1107342E+0	3.0345759E+0	34.2000008E+0
327.7491627E-3	-1.0717391E+0	3.0327716E+0	34.2999992E+0
327.5936150E-3	-1.1124977E+0	3.0313353E+0	34.4000015E+0
327.3700315E-3	-1.1057128E+0	3.0292708E+0	34.5000000E+0
327.2076958E-3	-1.1398798E+0	3.0277719E+0	34.6000023E+0
327.0504823E-3	-1.0962939E+0	3.0263202E+0	34.7000008E+0
326.9006810E-3	-1.1537772E+0	3.0249370E+0	34.7999992E+0
326.6908619E-3	-1.0803406E+0	3.0229996E+0	34.9000015E+0
326.5212945E-3	-1.1810676E+0	3.0214339E+0	35.0000000E+0
326.3600309E-3	-1.1402198E+0	3.0199449E+0	35.1000023E+0
326.1657204E-3	-1.1802857E+0	3.0181507E+0	35.2000008E+0
325.9924564E-3	-1.1600475E+0	3.0165508E+0	35.2999992E+0
325.8121708E-3	-1.1223110E+0	3.0148862E+0	35.4000015E+0
325.6431481E-3	-1.1478265E+0	3.0133255E+0	35.5000000E+0
325.4673334E-3	-1.1117731E+0	3.0117021E+0	35.6000023E+0
325.2925728E-3	-1.0908015E+0	3.0100884E+0	35.7000008E+0
325.1077409E-3	-1.1471483E+0	3.0083817E+0	35.7999992E+0
324.9478398E-3	-1.1614836E+0	3.0069053E+0	35.9000015E+0
324.7400436E-3	-1.1243962E+0	3.0049866E+0	36.0000000E+0
324.5611546E-3	-1.0864244E+0	3.0033348E+0	36.1000023E+0
324.3868588E-3	-1.1617115E+0	3.0017254E+0	36.2000008E+0
324.2102625E-3	-1.0719315E+0	3.0000948E+0	36.2999992E+0
324.0390079E-3	-1.1189488E+0	2.9985135E+0	36.4000015E+0
323.8444221E-3	-1.1339338E+0	2.9967167E+0	36.5000000E+0
323.6836076E-3	-1.1251842E+0	2.9952318E+0	36.6000023E+0
323.4993980E-3	-1.0979240E+0	2.9935309E+0	36.7000008E+0
323.3143438E-3	-1.1461704E+0	2.9918222E+0	36.7999992E+0
323.1379486E-3	-1.0770103E+0	2.9901934E+0	36.9000015E+0
322.9598495E-3	-1.1400938E+0	2.9885489E+0	37.0000000E+0
322.7707954E-3	-1.1744517E+0	2.9868033E+0	37.1000023E+0
322.6122076E-3	-1.1609370E+0	2.9853389E+0	37.2000008E+0
322.4087192E-3	-1.1825539E+0	2.9834600E+0	37.2999992E+0
322.2185667E-3	-1.1075400E+0	2.9817042E+0	37.4000015E+0
322.0861511E-3	-1.1321286E+0	2.9804815E+0	37.5000000E+0
321.8971550E-3	-1.1322908E+0	2.9787364E+0	37.6000023E+0
321.7223000E-3	-1.1518487E+0	2.9771219E+0	37.7000008E+0
321.5309007E-3	-1.1810572E+0	2.9753546E+0	37.7999992E+0
321.3262357E-3	-1.1362170E+0	2.9734648E+0	37.9000015E+0
321.1500751E-3	-1.1459153E+0	2.9718382E+0	38.0000000E+0
320.9463325E-3	-1.0967915E+0	2.9699569E+0	38.1000023E+0
320.7646798E-3	-1.1775661E+0	2.9682796E+0	38.2000008E+0
320.5841780E-3	-1.1622307E+0	2.9666129E+0	38.2999992E+0
320.3877693E-3	-1.1455038E+0	2.9647993E+0	38.4000015E+0
320.2094943E-3	-1.1106396E+0	2.9631532E+0	38.5000000E+0
320.0363163E-3	-1.1312122E+0	2.9615542E+0	38.6000023E+0
319.8655707E-3	-1.1540430E+0	2.9599776E+0	38.7000008E+0
319.7223396E-3	-1.1821068E+0	2.9586550E+0	38.7999992E+0
319.5186556E-3	-1.1354736E+0	2.9567743E+0	38.9000015E+0
319.3573931E-3	-1.1208234E+0	2.9552853E+0	39.0000000E+0
319.1438121E-3	-1.0651390E+0	2.9533131E+0	39.1000023E+0
318.9902701E-3	-1.1747280E+0	2.9518954E+0	39.2000008E+0
318.8280634E-3	-1.1849335E+0	2.9503976E+0	39.2999992E+0
318.6270307E-3	-1.1876106E+0	2.9485414E+0	39.4000015E+0
318.4490803E-3	-1.1622651E+0	2.9468982E+0	39.5000000E+0
318.2589971E-3	-1.1349092E+0	2.9451431E+0	39.6000023E+0
318.0789774E-3	-1.1871573E+0	2.9434809E+0	39.7000008E+0
317.8771353E-3	-1.1875836E+0	2.9416171E+0	39.7999992E+0
317.7162833E-3	-1.1859437E+0	2.9401319E+0	39.9000015E+0
317.5102675E-3	-1.1694690E+0	2.9382296E+0	40.0000000E+0
317.3289060E-3	-1.1888289E+0	2.9365550E+0	40.1000023E+0
317.1530024E-3	-1.1921954E+0	2.9349308E+0	40.2000008E+0
316.9730609E-3	-1.1627611E+0	2.9332693E+0	40.2999992E+0
316.8159167E-3	-1.2286709E+0	2.9318183E+0	40.4000015E+0
316.6269810E-3	-1.2948296E+0	2.9300737E+0	40.5000000E+0
316.4327370E-3	-1.2259908E+0	2.9282801E+0	40.6000023E+0
316.2421611E-3	-1.1862249E+0	2.9265204E+0	40.7000008E+0
316.0688843E-3	-1.2104208E+0	2.9249204E+0	40.7999992E+0
315.8738828E-3	-1.1980543E+0	2.9231199E+0	40.9000015E+0
315.6953334E-3	-1.2227271E+0	2.9214712E+0	41.0000000E+0
315.5182042E-3	-1.2470141E+0	2.9198357E+0	41.1000023E+0
315.3274283E-3	-1.2228380E+0	2.9180741E+0	41.2000008E+0
315.1690366E-3	-1.3174352E+0	2.9166116E+0	41.2999992E+0
314.9478508E-3	-1.1974836E+0	2.9145693E+0	41.4000015E+0
314.7674992E-3	-1.2212472E+0	2.9129040E+0	41.5000000E+0
314.6021189E-3	-1.2444019E+0	2.9113769E+0	41.6000023E+0
314.4222472E-3	-1.3228889E+0	2.9097160E+0	41.7000008E+0
314.2257217E-3	-1.2715931E+0	2.9079014E+0	41.7999992E+0
314.0382279E-3	-1.2915977E+0	2.9061702E+0	41.9000015E+0
313.8841803E-3	-1.3114495E+0	2.9047477E+0	42.0000000E+0
313.6720283E-3	-1.2972699E+0	2.9027888E+0	42.1000023E+0
313.4883875E-3	-1.2654805E+0	2.9010931E+0	42.2000008E+0
313.3145526E-3	-1.3112032E+0	2.8994880E+0	42.2999992E+0
313.1497001E-3	-1.3447786E+0	2.8979658E+0	42.4000015E+0
312.9701268E-3	-1.3250252E+0	2.8963077E+0	42.5000000E+0
312.7818101E-3	-1.3572704E+0	2.8945689E+0	42.6000023E+0
312.5893638E-3	-1.3589394E+0	2.8927919E+0	42.7000008E+0
312.4082514E-3	-1.2794291E+0	2.8911196E+0	42.7999992E+0
312.2068847E-3	-1.3713376E+0	2.8892602E+0	42.9000015E+0
312.0334961E-3	-1.3450752E+0	2.8876592E+0	43.0000000E+0
311.8328165E-3	-1.4200805E+0	2.8858062E+0	43.1000023E+0
311.6384357E-3	-1.4472423E+0	2.8840114E+0	43.2000008E+0
311.4851367E-3	-1.4121475E+0	2.8825959E+0	43.2999992E+0
311.2986903E-3	-1.4601970E+0	2.8808743E+0	43.4000015E+0
311.1099507E-3	-1.4900151E+0	2.8791316E+0	43.5000000E+0
310.9082024E-3	-1.4605610E+0	2.8772687E+0	43.6000023E+0
310.7485353E-3	-1.4554540E+0	2.8757944E+0	43.7000008E+0
310.5473619E-3	-1.4998070E+0	2.8739369E+0	43.7999992E+0
310.3665623E-3	-1.5308624E+0	2.8722674E+0	43.9000015E+0
310.1974686E-3	-1.5898018E+0	2.8707061E+0	44.0000000E+0
309.9825558E-3	-1.5511706E+0	2.8687217E+0	44.1000023E+0
309.7833533E-3	-1.5876545E+0	2.8668823E+0	44.2000008E+0
309.6162395E-3	-1.6297501E+0	2.8653392E+0	44.2999992E+0
309.4376555E-3	-1.5426787E+0	2.8636903E+0	44.4000015E+0
309.2314285E-3	-1.5824907E+0	2.8617860E+0	44.5000000E+0
309.0492603E-3	-1.6293381E+0	2.8601040E+0	44.6000023E+0
308.8822687E-3	-1.6119243E+0	2.8585620E+0	44.7000008E+0
308.6986849E-3	-1.6519521E+0	2.8568669E+0	44.7999992E+0
308.5016997E-3	-1.6167976E+0	2.8550480E+0	44.9000015E+0
308.3212912E-3	-1.6650158E+0	2.8533822E+0	45.0000000E+0
308.1413631E-3	-1.6508020E+0	2.8517208E+0	45.1000023E+0
307.9334769E-3	-1.6464563E+0	2.8498013E+0	45.2000008E+0
307.7338197E-3	-1.6038441E+0	2.8479577E+0	45.2999992E+0
307.5459498E-3	-1.5973940E+0	2.8462230E+0	45.4000015E+0
307.3303577E-3	-1.4977310E+0	2.8442323E+0	45.5000000E+0
307.1390969E-3	-1.5213668E+0	2.8424663E+0	45.6000023E+0
306.9523896E-3	-1.4528026E+0	2.8407423E+0	45.7000008E+0
306.7507939E-3	-1.3948124E+0	2.8388808E+0	45.7999992E+0
306.5626475E-3	-1.3573117E+0	2.8371436E+0	45.9000015E+0
306.3674522E-3	-1.2423705E+0	2.8353412E+0	46.0000000E+0
306.1582705E-3	-1.2256384E+0	2.8334097E+0	46.1000023E+0
305.9614333E-3	-1.1207682E+0	2.8315922E+0	46.2000008E+0
305.7700909E-3	-1.0586531E+0	2.8298254E+0	46.2999992E+0
305.5634640E-3	-998.3011538E-3	2.8279175E+0	46.4000015E+0
305.3371246E-3	-883.0463046E-3	2.8258276E+0	46.5000000E+0
305.1714627E-3	-862.7191175E-3	2.8242979E+0	46.6000023E+0
304.9710473E-3	-836.9482017E-3	2.8224473E+0	46.7000008E+0
304.7522161E-3	-776.7571034E-3	2.8204267E+0	46.7999992E+0
304.5463679E-3	-741.7419690E-3	2.8185260E+0	46.9000015E+0
304.3703940E-3	-743.5309565E-3	2.8169011E+0	47.0000000E+0
304.1783991E-3	-691.3948333E-3	2.8151283E+0	47.1000023E+0
303.9724179E-3	-644.2308278E-3	2.8132264E+0	47.2000008E+0
303.7904542E-3	-705.8325550E-3	2.8115462E+0	47.2999992E+0
303.5677767E-3	-676.7365670E-3	2.8094901E+0	47.4000015E+0
303.3831532E-3	-648.3462288E-3	2.8077853E+0	47.5000000E+0
303.1903338E-3	-621.2769450E-3	2.8060049E+0	47.6000023E+0
302.9898430E-3	-654.6194176E-3	2.8041537E+0	47.7000008E+0
302.8143969E-3	-726.7781695E-3	2.8025337E+0	47.7999992E+0
302.6310293E-3	-722.4931676E-3	2.8008405E+0	47.9000015E+0
302.4444443E-3	-677.0804783E-3	2.7991177E+0	48.0000000E+0
302.2763389E-3	-723.5027464E-3	2.7975655E+0	48.1000023E+0
302.0723829E-3	-745.6789175E-3	2.7956822E+0	48.2000008E+0
301.8675162E-3	-704.4852086E-3	2.7937905E+0	48.2999992E+0
301.6640920E-3	-707.2590199E-3	2.7919122E+0	48.4000015E+0
301.4981116E-3	-730.1452356E-3	2.7903796E+0	48.5000000E+0
301.2518537E-3	-673.7298982E-3	2.7881058E+0	48.6000023E+0
301.0869152E-3	-740.6270932E-3	2.7865828E+0	48.7000008E+0
300.8953427E-3	-723.3096596E-3	2.7848139E+0	48.7999992E+0
300.7197436E-3	-734.2499950E-3	2.7831925E+0	48.9000015E+0
300.5430584E-3	-806.4578389E-3	2.7815610E+0	49.0000000E+0
300.3315450E-3	-811.0643391E-3	2.7796080E+0	49.1000023E+0
300.1637714E-3	-830.9911570E-3	2.7780588E+0	49.2000008E+0
299.9552138E-3	-759.4495841E-3	2.7761331E+0	49.2999992E+0
299.7658580E-3	-812.9299690E-3	2.7743847E+0	49.4000015E+0
299.5607790E-3	-857.7902215E-3	2.7724910E+0	49.5000000E+0
299.3885005E-3	-819.2975810E-3	2.7709003E+0	49.6000023E+0
299.2014273E-3	-842.8686481E-3	2.7691729E+0	49.7000008E+0
299.0181328E-3	-831.4828545E-3	2.7674805E+0	49.7999992E+0
298.8287625E-3	-866.1456541E-3	2.7657319E+0	49.9000015E+0
298.6221339E-3	-858.3995496E-3	2.7638240E+0	50.0000000E+0
298.4308423E-3	-892.8118605E-3	2.7620576E+0	50.1000023E+0
298.2071967E-3	-839.0871357E-3	2.7599926E+0	50.2000008E+0
298.0240687E-3	-873.8966331E-3	2.7583017E+0	50.2999992E+0
297.6605065E-3	-856.2751880E-3	2.7549447E+0	50.4000015E+0
297.5998173E-3	-865.7659233E-3	2.7543843E+0	50.5000000E+0
297.4431233E-3	-842.8293107E-3	2.7529374E+0	50.6000023E+0
297.2525988E-3	-818.1747924E-3	2.7511782E+0	50.7000008E+0
297.0606464E-3	-891.0198916E-3	2.7494058E+0	50.7999992E+0
296.8713498E-3	-938.3291299E-3	2.7476579E+0	50.9000015E+0
296.6654379E-3	-881.5619890E-3	2.7457566E+0	51.0000000E+0
296.4879215E-3	-908.7524782E-3	2.7441175E+0	51.1000023E+0
296.2703121E-3	-935.5622669E-3	2.7421081E+0	51.2000008E+0
296.0744067E-3	-931.6651098E-3	2.7402992E+0	51.2999992E+0
295.8793360E-3	-914.4337068E-3	2.7384980E+0	51.4000015E+0
295.6848819E-3	-907.7561048E-3	2.7367025E+0	51.5000000E+0
295.4907530E-3	-943.9770925E-3	2.7349100E+0	51.6000023E+0
295.3004492E-3	-931.7139128E-3	2.7331528E+0	51.7000008E+0
295.1168905E-3	-908.5689086E-3	2.7314579E+0	51.7999992E+0
294.9128489E-3	-961.1082277E-3	2.7295739E+0	51.9000015E+0
294.7496088E-3	-957.4992616E-3	2.7280666E+0	52.0000000E+0
294.5388825E-3	-982.2866534E-3	2.7261208E+0	52.1000023E+0
294.3344577E-3	-1.0170501E+0	2.7242332E+0	52.2000008E+0
294.1428220E-3	-935.0000601E-3	2.7224637E+0	52.2999992E+0
293.9493914E-3	-960.4144061E-3	2.7206777E+0	52.4000015E+0
293.7374020E-3	-981.4170718E-3	2.7187202E+0	52.5000000E+0
293.5634593E-3	-987.7577573E-3	2.7171141E+0	52.6000023E+0
293.3745197E-3	-1.0518835E+0	2.7153695E+0	52.7000008E+0
293.1676028E-3	-1.0091919E+0	2.7134589E+0	52.7999992E+0
292.9763258E-3	-979.8735849E-3	2.7116928E+0	52.9000015E+0
292.7718848E-3	-999.3280852E-3	2.7098050E+0	53.0000000E+0
292.5808419E-3	-1.0166445E+0	2.7080410E+0	53.1000023E+0
292.3687932E-3	-1.0490045E+0	2.7060830E+0	53.2000008E+0
292.1793199E-3	-1.0055047E+0	2.7043335E+0	53.2999992E+0
291.9660073E-3	-1.0672494E+0	2.7023639E+0	53.4000015E+0
291.7949674E-3	-1.0628393E+0	2.7007846E+0	53.5000000E+0
291.5976655E-3	-998.3840126E-3	2.6989627E+0	53.6000023E+0
291.3786804E-3	-1.0034835E+0	2.6969407E+0	53.7000008E+0
291.1948664E-3	-960.5800556E-3	2.6952435E+0	53.7999992E+0
291.0045726E-3	-1.0753564E+0	2.6934864E+0	53.9000015E+0
290.7795371E-3	-1.0375713E+0	2.6914085E+0	54.0000000E+0
290.5751911E-3	-1.0400337E+0	2.6895216E+0	54.1000023E+0
290.3752193E-3	-1.0252489E+0	2.6876752E+0	54.2000008E+0
290.1688745E-3	-1.0008654E+0	2.6857698E+0	54.2999992E+0
289.9866336E-3	-1.0952391E+0	2.6840871E+0	54.4000015E+0
289.8075156E-3	-1.0993917E+0	2.6824332E+0	54.5000000E+0
289.6057556E-3	-1.1103699E+0	2.6805702E+0	54.6000023E+0
289.3922974E-3	-1.0569559E+0	2.6785992E+0	54.7000008E+0
289.1970881E-3	-1.0571970E+0	2.6767968E+0	54.7999992E+0
288.9889668E-3	-1.0199606E+0	2.6748750E+0	54.9000015E+0
288.8132040E-3	-1.0809103E+0	2.6732521E+0	55.0000000E+0
288.6258688E-3	-1.0756431E+0	2.6715223E+0	55.1000023E+0
288.3994869E-3	-1.0153263E+0	2.6694320E+0	55.2000008E+0
288.2249934E-3	-1.0091405E+0	2.6678208E+0	55.2999992E+0
288.0260724E-3	-1.0610176E+0	2.6659840E+0	55.4000015E+0
287.8240420E-3	-1.0697290E+0	2.6641186E+0	55.5000000E+0
287.6238311E-3	-1.0761127E+0	2.6622699E+0	55.6000023E+0
287.4283240E-3	-1.0988944E+0	2.6604647E+0	55.7000008E+0
287.2164866E-3	-1.0337405E+0	2.6585086E+0	55.7999992E+0
287.0258520E-3	-1.0541245E+0	2.6567484E+0	55.9000015E+0
286.8168497E-3	-1.0066788E+0	2.6548186E+0	56.0000000E+0
286.6356758E-3	-1.1431599E+0	2.6531457E+0	56.1000023E+0
286.4351269E-3	-1.0920228E+0	2.6512939E+0	56.2000008E+0
286.2022012E-3	-1.0557575E+0	2.6491431E+0	56.2999992E+0
286.0230663E-3	-1.0818192E+0	2.6474891E+0	56.4000015E+0
285.8256587E-3	-1.1207841E+0	2.6456663E+0	56.5000000E+0
285.6383280E-3	-1.1154059E+0	2.6439365E+0	56.6000023E+0
285.4459069E-3	-1.1013756E+0	2.6421598E+0	56.7000008E+0
285.2398765E-3	-1.1343449E+0	2.6402574E+0	56.7999992E+0
285.0359150E-3	-1.0659875E+0	2.6383741E+0	56.9000015E+0
284.8438999E-3	-1.0774308E+0	2.6366011E+0	57.0000000E+0
284.6712868E-3	-1.0299806E+0	2.6350073E+0	57.1000023E+0
284.4718240E-3	-1.0975573E+0	2.6331655E+0	57.2000008E+0
284.2372266E-3	-1.0723729E+0	2.6309993E+0	57.2999992E+0
284.0533897E-3	-1.1090882E+0	2.6293018E+0	57.4000015E+0
283.8549128E-3	-1.1777273E+0	2.6274692E+0	57.5000000E+0
283.6408011E-3	-1.0895751E+0	2.6254922E+0	57.6000023E+0
283.4652495E-3	-1.0788727E+0	2.6238712E+0	57.7000008E+0
283.2525556E-3	-1.1483057E+0	2.6219073E+0	57.7999992E+0
283.0362875E-3	-1.0866009E+0	2.6199103E+0	57.9000015E+0
282.8269919E-3	-1.0558758E+0	2.6179778E+0	58.0000000E+0
282.6467347E-3	-1.1383409E+0	2.6163133E+0	58.1000023E+0
282.4523567E-3	-1.1209323E+0	2.6145185E+0	58.2000008E+0
282.2034457E-3	-1.0513658E+0	2.6122202E+0	58.2999992E+0
282.0176038E-3	-1.0670765E+0	2.6105042E+0	58.4000015E+0
281.8229548E-3	-1.0746571E+0	2.6087069E+0	58.5000000E+0
281.6451959E-3	-1.0645496E+0	2.6070655E+0	58.6000023E+0
281.4397891E-3	-1.1031109E+0	2.6051689E+0	58.7000008E+0
281.2363162E-3	-1.0960343E+0	2.6032901E+0	58.7999992E+0
281.0440940E-3	-1.1205085E+0	2.6015152E+0	58.9000015E+0
280.8351073E-3	-1.0889388E+0	2.5995855E+0	59.0000000E+0
280.6308764E-3	-1.0670445E+0	2.5976997E+0	59.1000023E+0
280.4228707E-3	-1.1083070E+0	2.5957790E+0	59.2000008E+0
280.2496363E-3	-1.1433012E+0	2.5941795E+0	59.2999992E+0
280.0669105E-3	-1.0945732E+0	2.5924922E+0	59.4000015E+0
279.8402024E-3	-1.0861039E+0	2.5903989E+0	59.5000000E+0
279.6275711E-3	-1.0832400E+0	2.5884356E+0	59.6000023E+0
279.4199950E-3	-1.0788431E+0	2.5865189E+0	59.7000008E+0
279.2386011E-3	-1.0798902E+0	2.5848440E+0	59.7999992E+0
279.0275345E-3	-1.0908929E+0	2.5828951E+0	59.9000015E+0
278.8667681E-3	-1.1142936E+0	2.5814106E+0	60.0000000E+0
