Magnetic Field (T)	Diode Voltage (V)	Hall probe (V)	Acquisition Time 		
Tesla	Volts	Volts	Seconds		
NaN	NaN	NaN	0.0000000E+0
NaN	NaN	NaN	100.0000015E-3
277.7748144E-3	-1.0637606E+0	2.5713279E+0	200.0000030E-3
277.8043780E-3	-1.0427485E+0	2.5716009E+0	300.0000119E-3
277.8280289E-3	-1.0830892E+0	2.5718193E+0	400.0000060E-3
277.9407908E-3	-1.1132372E+0	2.5728605E+0	500.0000000E-3
278.1026539E-3	-1.0967495E+0	2.5743551E+0	600.0000238E-3
278.2618332E-3	-1.1045791E+0	2.5758249E+0	699.9999881E-3
278.4196182E-3	-1.1016992E+0	2.5772818E+0	800.0000119E-3
278.5834299E-3	-1.0546756E+0	2.5787944E+0	900.0000358E-3
278.7448885E-3	-1.0304182E+0	2.5802852E+0	1.0000000E+0
278.9327700E-3	-1.1057068E+0	2.5820200E+0	1.1000000E+0
279.0941264E-3	-1.0636752E+0	2.5835099E+0	1.2000000E+0
279.2870643E-3	-1.0288275E+0	2.5852915E+0	1.3000001E+0
279.4294177E-3	-1.0620294E+0	2.5866059E+0	1.4000000E+0
279.6301342E-3	-1.0736381E+0	2.5884592E+0	1.5000000E+0
279.8004748E-3	-1.0749353E+0	2.5900321E+0	1.6000000E+0
280.0104229E-3	-1.0632310E+0	2.5919707E+0	1.7000000E+0
280.1674269E-3	-1.0440357E+0	2.5934204E+0	1.8000001E+0
280.3517090E-3	-1.0309157E+0	2.5951220E+0	1.9000000E+0
280.5173335E-3	-1.0333167E+0	2.5966513E+0	2.0000000E+0
280.7029157E-3	-1.0664924E+0	2.5983649E+0	2.1000001E+0
280.8650514E-3	-1.0399263E+0	2.5998620E+0	2.2000000E+0
281.0621137E-3	-1.0693668E+0	2.6016816E+0	2.3000000E+0
281.2378056E-3	-1.0691284E+0	2.6033038E+0	2.4000001E+0
281.4353897E-3	-1.0613396E+0	2.6051283E+0	2.5000000E+0
281.5832319E-3	-1.0333220E+0	2.6064934E+0	2.6000001E+0
281.7764977E-3	-980.9957237E-3	2.6082779E+0	2.7000000E+0
281.9675545E-3	-1.0187717E+0	2.6100421E+0	2.8000000E+0
282.1514032E-3	-1.0557089E+0	2.6117396E+0	2.9000001E+0
282.3399663E-3	-1.0311371E+0	2.6134808E+0	3.0000000E+0
282.4883124E-3	-1.0287037E+0	2.6148505E+0	3.1000001E+0
282.6736124E-3	-1.0224131E+0	2.6165615E+0	3.2000000E+0
282.8792913E-3	-1.0362788E+0	2.6184607E+0	3.3000000E+0
283.0361143E-3	-1.0352224E+0	2.6199087E+0	3.4000001E+0
283.2095945E-3	-1.0135979E+0	2.6215106E+0	3.5000000E+0
283.4086607E-3	-1.0286089E+0	2.6233487E+0	3.6000001E+0
283.5751276E-3	-978.8105917E-3	2.6248858E+0	3.7000000E+0
283.7754921E-3	-1.0334103E+0	2.6267358E+0	3.8000000E+0
283.9540761E-3	-1.0305985E+0	2.6283848E+0	3.9000001E+0
284.1437699E-3	-1.0090807E+0	2.6301364E+0	4.0000000E+0
284.3061525E-3	-972.6339463E-3	2.6316358E+0	4.0999999E+0
284.5099717E-3	-1.0256340E+0	2.6335177E+0	4.2000003E+0
284.6731348E-3	-1.0058082E+0	2.6350243E+0	4.3000002E+0
284.8644179E-3	-992.2572582E-3	2.6367906E+0	4.4000001E+0
285.0430321E-3	-1.0497845E+0	2.6384398E+0	4.5000000E+0
285.2218630E-3	-1.0422603E+0	2.6400911E+0	4.5999999E+0
285.4161371E-3	-1.0061840E+0	2.6418849E+0	4.7000003E+0
285.6012567E-3	-1.0339745E+0	2.6435942E+0	4.8000002E+0
285.7739631E-3	-916.7891567E-3	2.6451889E+0	4.9000001E+0
285.9754829E-3	-965.6478037E-3	2.6470497E+0	5.0000000E+0
286.1580735E-3	-983.0118686E-3	2.6487357E+0	5.0999999E+0
286.3257516E-3	-991.7964024E-3	2.6502839E+0	5.2000003E+0
286.5294814E-3	-1.0315506E+0	2.6521651E+0	5.3000002E+0
286.7348458E-3	-974.2570418E-3	2.6540614E+0	5.4000001E+0
286.8977329E-3	-981.9988184E-3	2.6555654E+0	5.5000000E+0
287.0994639E-3	-968.6593472E-3	2.6574281E+0	5.5999999E+0
287.2451351E-3	-920.5243731E-3	2.6587732E+0	5.7000003E+0
287.4294324E-3	-897.6884253E-3	2.6604749E+0	5.8000002E+0
287.6071488E-3	-922.3120606E-3	2.6621159E+0	5.9000001E+0
287.7995543E-3	-927.7617472E-3	2.6638925E+0	6.0000000E+0
288.0030198E-3	-945.4054351E-3	2.6657712E+0	6.0999999E+0
288.1703342E-3	-915.7347211E-3	2.6673161E+0	6.2000003E+0
288.3638369E-3	-909.4927713E-3	2.6691028E+0	6.3000002E+0
288.5359880E-3	-888.9695829E-3	2.6706924E+0	6.4000001E+0
288.7295812E-3	-902.5630041E-3	2.6724800E+0	6.5000000E+0
288.9130025E-3	-929.2949483E-3	2.6741736E+0	6.5999999E+0
289.0883306E-3	-937.2391947E-3	2.6757925E+0	6.7000003E+0
289.2947040E-3	-905.2135003E-3	2.6776981E+0	6.8000002E+0
289.4894720E-3	-904.5427518E-3	2.6794965E+0	6.9000001E+0
289.6733406E-3	-929.4650958E-3	2.6811943E+0	7.0000000E+0
289.8552232E-3	-913.7228645E-3	2.6828737E+0	7.0999999E+0
290.0391275E-3	-929.9783966E-3	2.6845718E+0	7.2000003E+0
290.2018827E-3	-883.2519003E-3	2.6860746E+0	7.3000002E+0
290.3919721E-3	-856.3869794E-3	2.6878298E+0	7.4000001E+0
290.5986711E-3	-908.5136215E-3	2.6897384E+0	7.5000000E+0
290.7798561E-3	-862.7289441E-3	2.6914114E+0	7.5999999E+0
290.9429817E-3	-839.4632556E-3	2.6929177E+0	7.7000003E+0
291.1276723E-3	-854.9330927E-3	2.6946230E+0	7.8000002E+0
291.3342423E-3	-867.6561379E-3	2.6965304E+0	7.9000001E+0
291.5107827E-3	-886.3893020E-3	2.6981605E+0	8.0000000E+0
291.7235319E-3	-839.9204954E-3	2.7001249E+0	8.1000004E+0
291.8995059E-3	-857.0359545E-3	2.7017498E+0	8.1999998E+0
292.0533233E-3	-823.5952157E-3	2.7031701E+0	8.3000002E+0
292.2809174E-3	-830.6286241E-3	2.7052716E+0	8.4000006E+0
292.4811490E-3	-876.1465331E-3	2.7071205E+0	8.5000000E+0
292.6343732E-3	-813.4473808E-3	2.7085353E+0	8.6000004E+0
292.8389253E-3	-851.8340794E-3	2.7104241E+0	8.6999998E+0
293.0102161E-3	-845.8077634E-3	2.7120057E+0	8.8000002E+0
293.1832930E-3	-843.4663855E-3	2.7136038E+0	8.9000006E+0
293.3900406E-3	-826.1204315E-3	2.7155128E+0	9.0000000E+0
293.5731943E-3	-815.0612068E-3	2.7172040E+0	9.1000004E+0
293.7588764E-3	-817.7531244E-3	2.7189185E+0	9.1999998E+0
293.9758579E-3	-891.6903150E-3	2.7209220E+0	9.3000002E+0
294.1275089E-3	-887.5153765E-3	2.7223223E+0	9.4000006E+0
294.3438195E-3	-840.3920342E-3	2.7243197E+0	9.5000000E+0
294.5163690E-3	-884.1931208E-3	2.7259129E+0	9.6000004E+0
294.7302125E-3	-900.9108982E-3	2.7278875E+0	9.6999998E+0
294.9405120E-3	-881.8978429E-3	2.7298293E+0	9.8000002E+0
295.0991914E-3	-894.5158438E-3	2.7312945E+0	9.9000006E+0
295.2842244E-3	-912.8172657E-3	2.7330030E+0	10.0000000E+0
295.4977842E-3	-936.1252732E-3	2.7349749E+0	10.1000004E+0
295.6717191E-3	-888.2358306E-3	2.7365810E+0	10.1999998E+0
295.8567029E-3	-910.9509341E-3	2.7382890E+0	10.3000002E+0
296.0420219E-3	-914.0496070E-3	2.7400002E+0	10.4000006E+0
296.2244533E-3	-925.8201659E-3	2.7416847E+0	10.5000000E+0
296.4012680E-3	-1.0188491E+0	2.7433173E+0	10.6000004E+0
296.5973070E-3	-1.0044778E+0	2.7451275E+0	10.6999998E+0
296.7837550E-3	-1.0014296E+0	2.7468491E+0	10.8000002E+0
296.9892859E-3	-975.5756201E-3	2.7487469E+0	10.9000006E+0
297.1567040E-3	-1.0418594E+0	2.7502927E+0	11.0000000E+0
297.3519610E-3	-1.1088554E+0	2.7520957E+0	11.1000004E+0
297.4924106E-3	-1.1404117E+0	2.7533925E+0	11.1999998E+0
297.6900349E-3	-1.1925389E+0	2.7552173E+0	11.3000002E+0
297.9471329E-3	-1.1992779E+0	2.7575913E+0	11.4000006E+0
298.1172120E-3	-1.2183363E+0	2.7591617E+0	11.5000000E+0
298.3110823E-3	-1.2512332E+0	2.7609518E+0	11.6000004E+0
298.5045827E-3	-1.2699454E+0	2.7627385E+0	11.6999998E+0
298.6773824E-3	-1.3014432E+0	2.7643341E+0	11.8000002E+0
298.8688846E-3	-1.3304082E+0	2.7661024E+0	11.9000006E+0
299.0935011E-3	-1.2717198E+0	2.7681764E+0	12.0000000E+0
299.2790447E-3	-1.3870881E+0	2.7698896E+0	12.1000004E+0
299.4516751E-3	-1.3796026E+0	2.7714836E+0	12.1999998E+0
299.6209403E-3	-1.3476977E+0	2.7730465E+0	12.3000002E+0
299.8081141E-3	-1.3977886E+0	2.7747748E+0	12.4000006E+0
300.0026145E-3	-1.4158373E+0	2.7765708E+0	12.5000000E+0
300.1760192E-3	-1.4075748E+0	2.7781719E+0	12.6000004E+0
300.3470395E-3	-1.4142359E+0	2.7797511E+0	12.6999998E+0
300.5563803E-3	-1.4309841E+0	2.7816840E+0	12.8000002E+0
300.7483122E-3	-1.4534604E+0	2.7834563E+0	12.9000006E+0
300.9231209E-3	-1.4143593E+0	2.7850704E+0	13.0000000E+0
301.1246949E-3	-1.4228704E+0	2.7869316E+0	13.1000004E+0
301.3089329E-3	-1.3743889E+0	2.7886328E+0	13.1999998E+0
301.4931140E-3	-1.4590795E+0	2.7903335E+0	13.3000002E+0
301.6951321E-3	-1.4479159E+0	2.7921988E+0	13.4000006E+0
301.8823690E-3	-1.4764066E+0	2.7939277E+0	13.5000000E+0
302.0901166E-3	-1.4484655E+0	2.7958460E+0	13.6000004E+0
302.2950977E-3	-1.4771224E+0	2.7977387E+0	13.6999998E+0
302.4381752E-3	-1.4016258E+0	2.7990598E+0	13.8000002E+0
302.6457083E-3	-1.4643824E+0	2.8009761E+0	13.9000006E+0
302.8223158E-3	-1.4352858E+0	2.8026068E+0	14.0000000E+0
303.0098794E-3	-1.4371139E+0	2.8043387E+0	14.1000004E+0
303.1891908E-3	-1.3762193E+0	2.8059944E+0	14.1999998E+0
303.3921195E-3	-1.3854626E+0	2.8078681E+0	14.3000002E+0
303.5635036E-3	-1.3718870E+0	2.8094506E+0	14.4000006E+0
303.7788047E-3	-1.3685651E+0	2.8114386E+0	14.5000000E+0
303.9541803E-3	-1.3479621E+0	2.8130580E+0	14.6000004E+0
304.1602498E-3	-1.4083484E+0	2.8149608E+0	14.6999998E+0
304.3390069E-3	-1.3140101E+0	2.8166113E+0	14.8000002E+0
304.5377804E-3	-1.3354931E+0	2.8184467E+0	14.9000006E+0
304.7397818E-3	-1.3778222E+0	2.8203119E+0	15.0000000E+0
304.9418166E-3	-1.3799724E+0	2.8221774E+0	15.1000004E+0
305.1155493E-3	-1.3177062E+0	2.8237816E+0	15.1999998E+0
305.2948204E-3	-1.3793468E+0	2.8254369E+0	15.3000002E+0
305.5058987E-3	-1.3591414E+0	2.8273860E+0	15.4000006E+0
305.6622809E-3	-1.3030769E+0	2.8288299E+0	15.5000000E+0
305.8596507E-3	-1.2843708E+0	2.8306524E+0	15.6000004E+0
306.0398842E-3	-1.3174485E+0	2.8323166E+0	15.6999998E+0
306.2484630E-3	-1.3515607E+0	2.8342425E+0	15.8000002E+0
306.4387194E-3	-1.3274130E+0	2.8359993E+0	15.9000006E+0
306.5923821E-3	-1.2455758E+0	2.8374181E+0	16.0000000E+0
306.7985532E-3	-1.2312356E+0	2.8393218E+0	16.1000004E+0
306.9779696E-3	-1.2762247E+0	2.8409785E+0	16.2000008E+0
307.1765101E-3	-1.2382944E+0	2.8428117E+0	16.3000011E+0
307.3781902E-3	-1.2350746E+0	2.8446740E+0	16.3999996E+0
307.5731202E-3	-1.2203323E+0	2.8464739E+0	16.5000000E+0
307.7348386E-3	-1.2067941E+0	2.8479671E+0	16.6000004E+0
307.9877853E-3	-1.2918057E+0	2.8503027E+0	16.7000008E+0
308.1323577E-3	-1.2038336E+0	2.8516377E+0	16.8000011E+0
308.3124925E-3	-1.1785087E+0	2.8533009E+0	16.8999996E+0
308.5063102E-3	-1.2137230E+0	2.8550906E+0	17.0000000E+0
308.7011178E-3	-1.2318044E+0	2.8568894E+0	17.1000004E+0
308.8915127E-3	-1.2351692E+0	2.8586474E+0	17.2000008E+0
309.1022988E-3	-1.2301654E+0	2.8605937E+0	17.3000011E+0
309.2853604E-3	-1.1891687E+0	2.8622840E+0	17.3999996E+0
309.4589629E-3	-1.2051482E+0	2.8638870E+0	17.5000000E+0
309.6507371E-3	-1.1678200E+0	2.8656578E+0	17.6000004E+0
309.8511385E-3	-1.2294469E+0	2.8675082E+0	17.7000008E+0
310.0422462E-3	-1.1751725E+0	2.8692728E+0	17.8000011E+0
310.1830946E-3	-1.1860287E+0	2.8705734E+0	17.8999996E+0
310.3873663E-3	-1.1968601E+0	2.8724595E+0	18.0000000E+0
310.5892381E-3	-1.1492182E+0	2.8743235E+0	18.1000004E+0
310.8003108E-3	-1.1924555E+0	2.8762725E+0	18.2000008E+0
310.9559734E-3	-1.1383353E+0	2.8777098E+0	18.3000011E+0
311.1631937E-3	-1.1456931E+0	2.8796232E+0	18.3999996E+0
311.3460033E-3	-1.1593567E+0	2.8813112E+0	18.5000000E+0
311.5267978E-3	-1.1792419E+0	2.8829806E+0	18.6000004E+0
311.7202988E-3	-1.1783537E+0	2.8847673E+0	18.7000008E+0
311.9044027E-3	-1.1670358E+0	2.8864672E+0	18.8000011E+0
312.1326248E-3	-1.1202098E+0	2.8885746E+0	18.8999996E+0
312.3201102E-3	-1.1523965E+0	2.8903057E+0	19.0000000E+0
312.4869822E-3	-1.1579950E+0	2.8918466E+0	19.1000004E+0
312.6999649E-3	-1.1836346E+0	2.8938132E+0	19.2000008E+0
312.9031958E-3	-1.1872522E+0	2.8956897E+0	19.3000011E+0
313.1107395E-3	-1.2215227E+0	2.8976061E+0	19.3999996E+0
313.3059589E-3	-1.1863329E+0	2.8994087E+0	19.5000000E+0
313.4760916E-3	-1.1393816E+0	2.9009796E+0	19.6000004E+0
313.6814935E-3	-1.1690870E+0	2.9028762E+0	19.7000008E+0
313.8648584E-3	-1.1360371E+0	2.9045693E+0	19.8000011E+0
314.0449557E-3	-1.1543727E+0	2.9062323E+0	19.8999996E+0
314.2377472E-3	-1.1280511E+0	2.9080124E+0	20.0000000E+0
314.4313565E-3	-1.1755707E+0	2.9098002E+0	20.1000004E+0
314.5954319E-3	-1.1367748E+0	2.9113152E+0	20.2000008E+0
314.8015130E-3	-1.1604444E+0	2.9132180E+0	20.3000011E+0
315.0134863E-3	-1.1657853E+0	2.9151753E+0	20.3999996E+0
315.2093699E-3	-1.0825488E+0	2.9169840E+0	20.5000000E+0
315.3977397E-3	-1.1417920E+0	2.9187234E+0	20.6000004E+0
315.5641686E-3	-1.1390158E+0	2.9202601E+0	20.7000008E+0
315.7714637E-3	-1.1983084E+0	2.9221742E+0	20.8000011E+0
315.9452930E-3	-1.1212832E+0	2.9237793E+0	20.8999996E+0
316.1410465E-3	-1.1302405E+0	2.9255868E+0	21.0000000E+0
316.3592737E-3	-1.2051100E+0	2.9276018E+0	21.1000004E+0
316.5171107E-3	-1.0804931E+0	2.9290592E+0	21.2000008E+0
316.7254208E-3	-1.1482558E+0	2.9309826E+0	21.3000011E+0
316.9129325E-3	-1.1789522E+0	2.9327141E+0	21.3999996E+0
317.1191450E-3	-1.2191771E+0	2.9346181E+0	21.5000000E+0
317.2796947E-3	-1.1501664E+0	2.9361006E+0	21.6000004E+0
317.4980873E-3	-1.1310916E+0	2.9381171E+0	21.7000008E+0
317.6638548E-3	-1.1180965E+0	2.9396478E+0	21.8000011E+0
317.8545855E-3	-1.1486575E+0	2.9414089E+0	21.8999996E+0
318.0524618E-3	-1.0909796E+0	2.9432360E+0	22.0000000E+0
318.2584005E-3	-1.1292948E+0	2.9451376E+0	22.1000004E+0
318.4427156E-3	-1.1557458E+0	2.9468395E+0	22.2000008E+0
318.6478571E-3	-1.1531836E+0	2.9487337E+0	22.3000011E+0
318.8323220E-3	-1.1361937E+0	2.9504370E+0	22.3999996E+0
318.9913091E-3	-1.1057755E+0	2.9519050E+0	22.5000000E+0
319.1923295E-3	-1.0992658E+0	2.9537611E+0	22.6000004E+0
319.3950281E-3	-1.1015197E+0	2.9556328E+0	22.7000008E+0
319.5837660E-3	-1.1215903E+0	2.9573755E+0	22.8000011E+0
319.8002363E-3	-1.1495124E+0	2.9593743E+0	22.8999996E+0
319.9895922E-3	-1.1460270E+0	2.9611227E+0	23.0000000E+0
320.2088390E-3	-1.1440199E+0	2.9631472E+0	23.1000004E+0
320.3766343E-3	-1.1056987E+0	2.9646965E+0	23.2000008E+0
320.5828054E-3	-1.1384598E+0	2.9666002E+0	23.3000011E+0
320.7433289E-3	-1.0868742E+0	2.9680824E+0	23.3999996E+0
320.9486324E-3	-1.1471550E+0	2.9699781E+0	23.5000000E+0
321.1478579E-3	-1.1859734E+0	2.9718177E+0	23.6000004E+0
321.2986307E-3	-1.1521662E+0	2.9732099E+0	23.7000008E+0
321.5143792E-3	-1.1328250E+0	2.9752020E+0	23.8000011E+0
321.6954537E-3	-1.1085484E+0	2.9768740E+0	23.8999996E+0
321.8881725E-3	-1.1082580E+0	2.9786535E+0	24.0000000E+0
322.0928029E-3	-1.1067964E+0	2.9805430E+0	24.1000004E+0
322.3052035E-3	-1.1684777E+0	2.9825042E+0	24.2000008E+0
322.4961352E-3	-1.1054257E+0	2.9842672E+0	24.3000011E+0
322.6614100E-3	-1.1836131E+0	2.9857933E+0	24.3999996E+0
322.8515423E-3	-1.1568608E+0	2.9875489E+0	24.5000000E+0
323.0367976E-3	-1.1717817E+0	2.9892594E+0	24.6000004E+0
323.2336829E-3	-1.1673527E+0	2.9910774E+0	24.7000008E+0
323.4314369E-3	-1.1477973E+0	2.9929034E+0	24.8000011E+0
323.6215525E-3	-1.1283867E+0	2.9946588E+0	24.8999996E+0
323.8020490E-3	-1.1085323E+0	2.9963255E+0	25.0000000E+0
323.9753467E-3	-1.1516472E+0	2.9979256E+0	25.1000004E+0
324.1522262E-3	-1.1057198E+0	2.9995589E+0	25.2000008E+0
324.3634447E-3	-1.1664950E+0	3.0015092E+0	25.3000011E+0
324.5511240E-3	-1.1256519E+0	3.0032421E+0	25.3999996E+0
324.7561147E-3	-1.1342904E+0	3.0051349E+0	25.5000000E+0
324.9576591E-3	-1.1121274E+0	3.0069959E+0	25.6000004E+0
325.1564047E-3	-1.1463225E+0	3.0088311E+0	25.7000008E+0
325.3199912E-3	-1.1395210E+0	3.0103416E+0	25.8000011E+0
325.4910714E-3	-1.1708767E+0	3.0119213E+0	25.8999996E+0
325.6975241E-3	-1.1601388E+0	3.0138276E+0	26.0000000E+0
325.8922150E-3	-1.1083645E+0	3.0156253E+0	26.1000004E+0
326.0910723E-3	-1.1203236E+0	3.0174614E+0	26.2000008E+0
326.2723120E-3	-1.1671298E+0	3.0191349E+0	26.3000011E+0
326.4897231E-3	-1.1665526E+0	3.0211424E+0	26.3999996E+0
326.6670703E-3	-1.1410813E+0	3.0227800E+0	26.5000000E+0
326.8523005E-3	-1.1043813E+0	3.0244903E+0	26.6000004E+0
327.0653412E-3	-1.1579731E+0	3.0264574E+0	26.7000008E+0
327.2408862E-3	-1.1416585E+0	3.0280784E+0	26.8000011E+0
327.4364676E-3	-1.1472110E+0	3.0298843E+0	26.8999996E+0
327.6264099E-3	-1.1172350E+0	3.0316381E+0	27.0000000E+0
327.8277521E-3	-1.1135538E+0	3.0334972E+0	27.1000004E+0
327.9863471E-3	-1.1035263E+0	3.0349617E+0	27.2000008E+0
328.1778196E-3	-1.0967545E+0	3.0367296E+0	27.3000011E+0
328.3694776E-3	-1.1460476E+0	3.0384993E+0	27.3999996E+0
328.5776295E-3	-1.1547402E+0	3.0404213E+0	27.5000000E+0
328.7555074E-3	-1.1052626E+0	3.0420638E+0	27.6000004E+0
328.9559207E-3	-1.1459496E+0	3.0439143E+0	27.7000008E+0
329.1512596E-3	-1.1977697E+0	3.0457180E+0	27.8000011E+0
329.3522621E-3	-1.1643154E+0	3.0475740E+0	27.8999996E+0
329.5532556E-3	-1.1668030E+0	3.0494299E+0	28.0000000E+0
329.7215560E-3	-1.0930361E+0	3.0509839E+0	28.1000004E+0
329.9282199E-3	-1.1421911E+0	3.0528922E+0	28.2000008E+0
330.1135646E-3	-1.1694850E+0	3.0546036E+0	28.3000011E+0
330.3111744E-3	-1.1899264E+0	3.0564282E+0	28.3999996E+0
330.4983375E-3	-1.1627311E+0	3.0581564E+0	28.5000000E+0
330.6900816E-3	-1.1799428E+0	3.0599269E+0	28.6000004E+0
330.8900031E-3	-1.1177137E+0	3.0617729E+0	28.7000008E+0
331.0624073E-3	-1.0992954E+0	3.0633648E+0	28.8000011E+0
331.2607830E-3	-1.1266074E+0	3.0651965E+0	28.8999996E+0
331.4704356E-3	-1.1299620E+0	3.0671324E+0	29.0000000E+0
331.6720163E-3	-1.1217187E+0	3.0689937E+0	29.1000004E+0
331.8555924E-3	-1.0855704E+0	3.0706888E+0	29.2000008E+0
332.0352819E-3	-1.1525900E+0	3.0723479E+0	29.3000011E+0
332.2472400E-3	-1.1975571E+0	3.0743051E+0	29.3999996E+0
332.4276748E-3	-1.1493138E+0	3.0759711E+0	29.5000000E+0
332.6125972E-3	-1.1109799E+0	3.0776786E+0	29.6000004E+0
332.8146298E-3	-1.1043271E+0	3.0795441E+0	29.7000008E+0
332.9833743E-3	-1.1227206E+0	3.0811023E+0	29.8000011E+0
333.1812881E-3	-1.1198468E+0	3.0829297E+0	29.8999996E+0
333.3620195E-3	-1.1031144E+0	3.0845985E+0	30.0000000E+0
333.5374108E-3	-1.0812505E+0	3.0862180E+0	30.1000004E+0
333.7289761E-3	-1.1523469E+0	3.0879869E+0	30.2000008E+0
333.9518038E-3	-1.1551463E+0	3.0900444E+0	30.3000011E+0
334.0891015E-3	-1.1138423E+0	3.0913121E+0	30.3999996E+0
334.1540236E-3	-1.1673832E+0	3.0919116E+0	30.5000000E+0
334.0697399E-3	-1.1682860E+0	3.0911333E+0	30.6000004E+0
333.9553138E-3	-1.0748898E+0	3.0900768E+0	30.7000008E+0
333.8054543E-3	-1.1172356E+0	3.0886930E+0	30.8000011E+0
333.6676489E-3	-1.1119877E+0	3.0874206E+0	30.8999996E+0
333.5156604E-3	-1.1184901E+0	3.0860172E+0	31.0000000E+0
333.3491002E-3	-1.1198811E+0	3.0844792E+0	31.1000004E+0
333.1833160E-3	-1.1549886E+0	3.0829484E+0	31.2000008E+0
333.0515411E-3	-1.0837933E+0	3.0817317E+0	31.3000011E+0
332.8577993E-3	-1.1488005E+0	3.0799427E+0	31.3999996E+0
332.6949966E-3	-1.1369673E+0	3.0784395E+0	31.5000000E+0
332.5274615E-3	-1.1279225E+0	3.0768925E+0	31.6000004E+0
332.3566255E-3	-1.1058268E+0	3.0753151E+0	31.7000008E+0
332.1898021E-3	-1.1271705E+0	3.0737747E+0	31.8000011E+0
332.0375333E-3	-1.1991607E+0	3.0723687E+0	31.8999996E+0
331.8634056E-3	-1.1533118E+0	3.0707609E+0	32.0000000E+0
331.6936310E-3	-1.1210999E+0	3.0691933E+0	32.1000023E+0
331.5142381E-3	-1.1235691E+0	3.0675368E+0	32.2000008E+0
331.3453299E-3	-1.1744057E+0	3.0659772E+0	32.2999992E+0
331.1782334E-3	-1.1799627E+0	3.0644343E+0	32.4000015E+0
331.0193691E-3	-1.1643647E+0	3.0629674E+0	32.5000000E+0
330.8324724E-3	-1.1285868E+0	3.0612417E+0	32.6000023E+0
330.6650581E-3	-1.1748739E+0	3.0596958E+0	32.7000008E+0
330.4980236E-3	-1.1100365E+0	3.0581535E+0	32.7999992E+0
330.3094320E-3	-1.0960499E+0	3.0564121E+0	32.9000015E+0
330.1384736E-3	-1.1289166E+0	3.0548336E+0	33.0000000E+0
329.9958017E-3	-1.1544568E+0	3.0535162E+0	33.1000023E+0
329.7856810E-3	-1.0609519E+0	3.0515760E+0	33.2000008E+0
329.6300440E-3	-1.1155584E+0	3.0501389E+0	33.2999992E+0
329.4705820E-3	-1.1834782E+0	3.0486665E+0	33.4000015E+0
329.2822278E-3	-1.1665254E+0	3.0469273E+0	33.5000000E+0
329.0919022E-3	-1.1455793E+0	3.0451699E+0	33.6000023E+0
328.9363602E-3	-1.1808164E+0	3.0437337E+0	33.7000008E+0
328.7498982E-3	-1.1861856E+0	3.0420120E+0	33.7999992E+0
328.5517515E-3	-1.1652522E+0	3.0401824E+0	33.9000015E+0
328.3847170E-3	-1.1417534E+0	3.0386400E+0	34.0000000E+0
328.2437669E-3	-1.1163282E+0	3.0373386E+0	34.1000023E+0
328.0521262E-3	-1.1193698E+0	3.0355690E+0	34.2000008E+0
327.8875341E-3	-1.1033312E+0	3.0340493E+0	34.2999992E+0
327.7027475E-3	-1.1795870E+0	3.0323430E+0	34.4000015E+0
327.5051287E-3	-1.1308346E+0	3.0305183E+0	34.5000000E+0
327.3584323E-3	-1.1440074E+0	3.0291637E+0	34.6000023E+0
327.1670676E-3	-1.1471278E+0	3.0273967E+0	34.7000008E+0
326.9710477E-3	-1.1504419E+0	3.0255868E+0	34.7999992E+0
326.8003747E-3	-1.1082810E+0	3.0240108E+0	34.9000015E+0
326.6405334E-3	-1.1556152E+0	3.0225349E+0	35.0000000E+0
326.4428258E-3	-1.1038726E+0	3.0207094E+0	35.1000023E+0
326.2302677E-3	-1.1336804E+0	3.0187467E+0	35.2000008E+0
326.0899812E-3	-1.1609415E+0	3.0174514E+0	35.2999992E+0
325.9310074E-3	-1.1401929E+0	3.0159834E+0	35.4000015E+0
325.7371182E-3	-1.1199745E+0	3.0141932E+0	35.5000000E+0
325.5492825E-3	-1.0689371E+0	3.0124587E+0	35.6000023E+0
325.4123312E-3	-1.1460533E+0	3.0111942E+0	35.7000008E+0
325.2154610E-3	-1.1569603E+0	3.0093764E+0	35.7999992E+0
325.0326497E-3	-1.1204248E+0	3.0076884E+0	35.9000015E+0
324.8622052E-3	-1.0914570E+0	3.0061145E+0	36.0000000E+0
324.6795147E-3	-1.0830778E+0	3.0044277E+0	36.1000023E+0
324.5206805E-3	-1.1288431E+0	3.0029610E+0	36.2000008E+0
324.3286354E-3	-1.0836586E+0	3.0011878E+0	36.2999992E+0
324.1515927E-3	-1.1291892E+0	2.9995530E+0	36.4000015E+0
323.9719177E-3	-1.1477269E+0	2.9978940E+0	36.5000000E+0
323.7800765E-3	-1.1068589E+0	2.9961226E+0	36.6000023E+0
323.5996484E-3	-1.0859738E+0	2.9944566E+0	36.7000008E+0
323.4372742E-3	-1.1032065E+0	2.9929573E+0	36.7999992E+0
323.2264624E-3	-1.0543302E+0	2.9910107E+0	36.9000015E+0
323.0654898E-3	-1.0955021E+0	2.9895244E+0	37.0000000E+0
322.8762742E-3	-1.1346436E+0	2.9877772E+0	37.1000023E+0
322.6881636E-3	-1.1653043E+0	2.9860403E+0	37.2000008E+0
322.5406295E-3	-1.1136764E+0	2.9846780E+0	37.2999992E+0
322.3263198E-3	-1.1597999E+0	2.9826992E+0	37.4000015E+0
322.1667511E-3	-1.1571228E+0	2.9812258E+0	37.5000000E+0
322.0077723E-3	-1.1865970E+0	2.9797578E+0	37.6000023E+0
321.8231605E-3	-1.1805573E+0	2.9780532E+0	37.7000008E+0
321.6172860E-3	-1.1721155E+0	2.9761522E+0	37.7999992E+0
321.4104708E-3	-1.1734833E+0	2.9742426E+0	37.9000015E+0
321.2727994E-3	-1.1506398E+0	2.9729714E+0	38.0000000E+0
321.0840597E-3	-1.1035093E+0	2.9712286E+0	38.1000023E+0
320.9014591E-3	-1.1070786E+0	2.9695426E+0	38.2000008E+0
320.6987326E-3	-1.1090857E+0	2.9676707E+0	38.2999992E+0
320.5238894E-3	-1.1258056E+0	2.9660562E+0	38.4000015E+0
320.3624849E-3	-1.0641805E+0	2.9645659E+0	38.5000000E+0
320.1762352E-3	-1.1463398E+0	2.9628461E+0	38.6000023E+0
319.9870637E-3	-1.1490017E+0	2.9610994E+0	38.7000008E+0
319.7894444E-3	-1.1147415E+0	2.9592746E+0	38.7999992E+0
319.6324935E-3	-1.1052990E+0	2.9578254E+0	38.9000015E+0
319.4345753E-3	-1.1081643E+0	2.9559979E+0	39.0000000E+0
319.2406520E-3	-1.0617793E+0	2.9542073E+0	39.1000023E+0
319.0774492E-3	-1.1431538E+0	2.9527004E+0	39.2000008E+0
318.8790534E-3	-1.1184592E+0	2.9508685E+0	39.2999992E+0
318.6943584E-3	-1.1410323E+0	2.9491631E+0	39.4000015E+0
318.5161358E-3	-1.1320178E+0	2.9475174E+0	39.5000000E+0
318.3252002E-3	-1.0573015E+0	2.9457544E+0	39.6000023E+0
318.1867807E-3	-1.1847284E+0	2.9444763E+0	39.7000008E+0
317.9735690E-3	-1.1592188E+0	2.9425076E+0	39.7999992E+0
317.8120176E-3	-1.1328058E+0	2.9410159E+0	39.9000015E+0
317.6179513E-3	-1.1591718E+0	2.9392239E+0	40.0000000E+0
317.4398399E-3	-1.1931859E+0	2.9375793E+0	40.1000023E+0
317.2830823E-3	-1.2083716E+0	2.9361319E+0	40.2000008E+0
317.1004180E-3	-1.1357270E+0	2.9344452E+0	40.2999992E+0
316.9173732E-3	-1.1927244E+0	2.9327551E+0	40.4000015E+0
316.7270403E-3	-1.1736173E+0	2.9309976E+0	40.5000000E+0
316.5579288E-3	-1.1764500E+0	2.9294361E+0	40.6000023E+0
316.3504415E-3	-1.1271735E+0	2.9275202E+0	40.7000008E+0
316.1869053E-3	-1.1030960E+0	2.9260102E+0	40.7999992E+0
316.0084325E-3	-1.1649345E+0	2.9243623E+0	40.9000015E+0
315.8175644E-3	-1.1568845E+0	2.9225999E+0	41.0000000E+0
315.5974629E-3	-1.0932587E+0	2.9205675E+0	41.1000023E+0
315.4309904E-3	-1.1027459E+0	2.9190304E+0	41.2000008E+0
315.2400067E-3	-1.1139197E+0	2.9172669E+0	41.2999992E+0
315.0962890E-3	-1.1603286E+0	2.9159399E+0	41.4000015E+0
314.9009881E-3	-1.1647715E+0	2.9141365E+0	41.5000000E+0
314.7154109E-3	-1.1848672E+0	2.9124230E+0	41.6000023E+0
314.5180737E-3	-1.1491683E+0	2.9106009E+0	41.7000008E+0
314.3415797E-3	-1.1449093E+0	2.9089712E+0	41.7999992E+0
314.1401358E-3	-1.1701316E+0	2.9071111E+0	41.9000015E+0
313.9502409E-3	-1.1631608E+0	2.9053577E+0	42.0000000E+0
313.7532909E-3	-1.1357004E+0	2.9035392E+0	42.1000023E+0
313.5860268E-3	-1.1519484E+0	2.9019947E+0	42.2000008E+0
313.3828165E-3	-1.1449592E+0	2.9001183E+0	42.2999992E+0
313.2033722E-3	-1.1505901E+0	2.8984614E+0	42.4000015E+0
313.0275189E-3	-1.1808509E+0	2.8968377E+0	42.5000000E+0
312.8656430E-3	-1.2164876E+0	2.8953430E+0	42.6000023E+0
312.6421912E-3	-1.1718204E+0	2.8932797E+0	42.7000008E+0
312.4777523E-3	-1.1588001E+0	2.8917613E+0	42.7999992E+0
312.2929885E-3	-1.2247540E+0	2.8900553E+0	42.9000015E+0
312.0718948E-3	-1.1065830E+0	2.8880138E+0	43.0000000E+0
311.9189382E-3	-1.1000471E+0	2.8866015E+0	43.1000023E+0
311.7117956E-3	-1.1730778E+0	2.8846888E+0	43.2000008E+0
311.5221973E-3	-1.1715660E+0	2.8829381E+0	43.2999992E+0
311.3383833E-3	-1.1278995E+0	2.8812408E+0	43.4000015E+0
311.1384584E-3	-1.1508036E+0	2.8793948E+0	43.5000000E+0
310.9604784E-3	-1.1899166E+0	2.8777514E+0	43.6000023E+0
310.7729829E-3	-1.1528871E+0	2.8760202E+0	43.7000008E+0
310.5984647E-3	-1.1860176E+0	2.8744087E+0	43.7999992E+0
310.3992242E-3	-1.1363420E+0	2.8725690E+0	43.9000015E+0
310.2118147E-3	-1.2197412E+0	2.8708385E+0	44.0000000E+0
310.0421406E-3	-1.2266437E+0	2.8692718E+0	44.1000023E+0
309.8232597E-3	-1.1932211E+0	2.8672508E+0	44.2000008E+0
309.6597771E-3	-1.2053796E+0	2.8657412E+0	44.2999992E+0
309.4845495E-3	-1.1827938E+0	2.8641233E+0	44.4000015E+0
309.2999528E-3	-1.2354739E+0	2.8624188E+0	44.5000000E+0
309.1133643E-3	-1.2034865E+0	2.8606959E+0	44.6000023E+0
308.9203065E-3	-1.1914232E+0	2.8589133E+0	44.7000008E+0
308.7331406E-3	-1.2045993E+0	2.8571850E+0	44.7999992E+0
308.5573778E-3	-1.1946027E+0	2.8555621E+0	44.9000015E+0
308.3624339E-3	-1.2334383E+0	2.8537621E+0	45.0000000E+0
308.1683446E-3	-1.2610817E+0	2.8519699E+0	45.1000023E+0
307.9726867E-3	-1.1805954E+0	2.8501633E+0	45.2000008E+0
307.8004395E-3	-1.2837529E+0	2.8485728E+0	45.2999992E+0
307.6049363E-3	-1.2714470E+0	2.8467676E+0	45.4000015E+0
307.4197061E-3	-1.2207327E+0	2.8450573E+0	45.5000000E+0
307.2330994E-3	-1.2645664E+0	2.8433343E+0	45.6000023E+0
307.0286920E-3	-1.2382235E+0	2.8414468E+0	45.7000008E+0
306.8347145E-3	-1.2191966E+0	2.8396557E+0	45.7999992E+0
306.6191737E-3	-1.2387592E+0	2.8376655E+0	45.9000015E+0
306.4636395E-3	-1.2676130E+0	2.8362294E+0	46.0000000E+0
306.2995860E-3	-1.3000341E+0	2.8347146E+0	46.1000023E+0
306.0913490E-3	-1.2871466E+0	2.8327918E+0	46.2000008E+0
305.9057669E-3	-1.2693295E+0	2.8310782E+0	46.2999992E+0
305.7180797E-3	-1.3094313E+0	2.8293451E+0	46.4000015E+0
305.5512028E-3	-1.3178671E+0	2.8278043E+0	46.5000000E+0
305.3383916E-3	-1.2725887E+0	2.8258393E+0	46.6000023E+0
305.1256631E-3	-1.2516369E+0	2.8238750E+0	46.7000008E+0
304.9605051E-3	-1.3211653E+0	2.8223500E+0	46.7999992E+0
304.7447347E-3	-1.3356156E+0	2.8203577E+0	46.9000015E+0
304.5495355E-3	-1.3231021E+0	2.8185553E+0	47.0000000E+0
304.3872551E-3	-1.3810949E+0	2.8170568E+0	47.1000023E+0
304.1915262E-3	-1.3642236E+0	2.8152495E+0	47.2000008E+0
303.9947259E-3	-1.3678577E+0	2.8134324E+0	47.2999992E+0
303.8152045E-3	-1.4008272E+0	2.8117747E+0	47.4000015E+0
303.5991442E-3	-1.3457027E+0	2.8097797E+0	47.5000000E+0
303.4079219E-3	-1.4033787E+0	2.8080141E+0	47.6000023E+0
303.2037921E-3	-1.3587889E+0	2.8061292E+0	47.7000008E+0
303.0150402E-3	-1.3968797E+0	2.8043863E+0	47.7999992E+0
302.8376339E-3	-1.3932658E+0	2.8027482E+0	47.9000015E+0
302.6655933E-3	-1.4550972E+0	2.8011597E+0	48.0000000E+0
302.4624842E-3	-1.4522729E+0	2.7992842E+0	48.1000023E+0
302.2474686E-3	-1.4115452E+0	2.7972989E+0	48.2000008E+0
302.0589094E-3	-1.3796036E+0	2.7955578E+0	48.2999992E+0
301.8487222E-3	-1.4308564E+0	2.7936170E+0	48.4000015E+0
301.6865015E-3	-1.4428217E+0	2.7921191E+0	48.5000000E+0
301.4873772E-3	-1.4227336E+0	2.7902805E+0	48.6000023E+0
301.3102491E-3	-1.4594883E+0	2.7886450E+0	48.7000008E+0
301.1107225E-3	-1.4227947E+0	2.7868026E+0	48.7999992E+0
300.9251298E-3	-1.4721722E+0	2.7850889E+0	48.9000015E+0
300.7076366E-3	-1.4701523E+0	2.7830807E+0	49.0000000E+0
300.5248745E-3	-1.4216460E+0	2.7813931E+0	49.1000023E+0
300.3284127E-3	-1.3977148E+0	2.7795791E+0	49.2000008E+0
300.1330011E-3	-1.4149123E+0	2.7777747E+0	49.2999992E+0
299.9631259E-3	-1.4110729E+0	2.7762061E+0	49.4000015E+0
299.7454461E-3	-1.3708409E+0	2.7741962E+0	49.5000000E+0
299.5421940E-3	-1.3875656E+0	2.7723194E+0	49.6000023E+0
299.3559453E-3	-1.3235402E+0	2.7705997E+0	49.7000008E+0
299.1832093E-3	-1.3096846E+0	2.7690047E+0	49.7999992E+0
299.0022348E-3	-1.2909897E+0	2.7673337E+0	49.9000015E+0
298.7588656E-3	-1.3402179E+0	2.7650865E+0	50.0000000E+0
298.5858737E-3	-1.2612192E+0	2.7634891E+0	50.1000023E+0
298.3935437E-3	-1.2862779E+0	2.7617132E+0	50.2000008E+0
298.2842968E-3	-1.2761752E+0	2.7607045E+0	50.2999992E+0
298.1073044E-3	-1.2242382E+0	2.7590702E+0	50.4000015E+0
297.7680104E-3	-1.1615868E+0	2.7559373E+0	50.5000000E+0
297.5612220E-3	-1.1252850E+0	2.7540279E+0	50.6000023E+0
297.3777867E-3	-1.1307910E+0	2.7523341E+0	50.7000008E+0
297.2015016E-3	-1.1164280E+0	2.7507064E+0	50.7999992E+0
296.9969087E-3	-1.0426061E+0	2.7488173E+0	50.9000015E+0
296.7949425E-3	-1.1083536E+0	2.7469524E+0	51.0000000E+0
296.6171898E-3	-1.0508371E+0	2.7453111E+0	51.1000023E+0
296.3902208E-3	-994.3557714E-3	2.7432153E+0	51.2000008E+0
296.1953824E-3	-984.7751831E-3	2.7414163E+0	51.2999992E+0
296.0054808E-3	-960.6609693E-3	2.7396628E+0	51.4000015E+0
295.8205931E-3	-928.3461967E-3	2.7379556E+0	51.5000000E+0
295.6499061E-3	-890.0464057E-3	2.7363796E+0	51.6000023E+0
295.4336263E-3	-818.3684775E-3	2.7343825E+0	51.7000008E+0
295.2604573E-3	-916.4674211E-3	2.7327835E+0	51.7999992E+0
295.0498003E-3	-875.0681113E-3	2.7308384E+0	51.9000015E+0
294.8578395E-3	-862.2716269E-3	2.7290659E+0	52.0000000E+0
294.6590006E-3	-848.7747027E-3	2.7272299E+0	52.1000023E+0
294.4538032E-3	-843.0253067E-3	2.7253352E+0	52.2000008E+0
294.2710719E-3	-840.9636652E-3	2.7236479E+0	52.2999992E+0
294.0420616E-3	-858.5070441E-3	2.7215333E+0	52.4000015E+0
293.8558437E-3	-809.7260920E-3	2.7198139E+0	52.5000000E+0
293.6860713E-3	-891.1715208E-3	2.7182463E+0	52.6000023E+0
293.4575766E-3	-821.3606565E-3	2.7161364E+0	52.7000008E+0
293.2459531E-3	-827.1008811E-3	2.7141824E+0	52.7999992E+0
293.0628631E-3	-852.8168658E-3	2.7124918E+0	52.9000015E+0
292.8379047E-3	-814.5773190E-3	2.7104146E+0	53.0000000E+0
292.6520091E-3	-835.9049597E-3	2.7086981E+0	53.1000023E+0
292.4528384E-3	-852.9399694E-3	2.7068591E+0	53.2000008E+0
292.2807711E-3	-898.3198053E-3	2.7052703E+0	53.2999992E+0
292.0384990E-3	-883.8106201E-3	2.7030332E+0	53.4000015E+0
291.8840905E-3	-880.8517484E-3	2.7016075E+0	53.5000000E+0
291.6825434E-3	-842.1058853E-3	2.6997465E+0	53.6000023E+0
291.4558755E-3	-834.4592903E-3	2.6976535E+0	53.7000008E+0
291.2651778E-3	-850.8727002E-3	2.6958927E+0	53.7999992E+0
291.0556637E-3	-873.8633619E-3	2.6939581E+0	53.9000015E+0
290.8792272E-3	-874.5727153E-3	2.6923290E+0	54.0000000E+0
290.6867019E-3	-883.7376757E-3	2.6905513E+0	54.1000023E+0
290.4662951E-3	-881.9224224E-3	2.6885161E+0	54.2000008E+0
290.2873027E-3	-919.6635143E-3	2.6868634E+0	54.2999992E+0
290.0691570E-3	-930.8214334E-3	2.6848491E+0	54.4000015E+0
289.8456081E-3	-911.7653215E-3	2.6827849E+0	54.5000000E+0
289.6693173E-3	-892.1719074E-3	2.6811571E+0	54.6000023E+0
289.4776113E-3	-925.6466292E-3	2.6793870E+0	54.7000008E+0
289.2663604E-3	-860.9002324E-3	2.6774364E+0	54.7999992E+0
289.0813341E-3	-879.3626097E-3	2.6757279E+0	54.9000015E+0
288.8832768E-3	-921.5454446E-3	2.6738991E+0	55.0000000E+0
288.6978354E-3	-904.0517146E-3	2.6721868E+0	55.1000023E+0
288.4919655E-3	-885.7381552E-3	2.6702859E+0	55.2000008E+0
288.3006974E-3	-903.4839833E-3	2.6685198E+0	55.2999992E+0
288.1182414E-3	-921.7696619E-3	2.6668351E+0	55.4000015E+0
287.9324531E-3	-934.4999648E-3	2.6651196E+0	55.5000000E+0
287.7374751E-3	-966.4160446E-3	2.6633193E+0	55.6000023E+0
287.5199713E-3	-925.7070746E-3	2.6613109E+0	55.7000008E+0
287.3168996E-3	-985.0425137E-3	2.6594358E+0	55.7999992E+0
287.1219885E-3	-910.8856142E-3	2.6576361E+0	55.9000015E+0
286.9468470E-3	-958.3726809E-3	2.6560189E+0	56.0000000E+0
286.7310448E-3	-976.5338167E-3	2.6540263E+0	56.1000023E+0
286.5031926E-3	-921.1751226E-3	2.6519224E+0	56.2000008E+0
286.3198288E-3	-943.4816965E-3	2.6502293E+0	56.2999992E+0
286.1153471E-3	-949.5049949E-3	2.6483412E+0	56.4000015E+0
285.9200159E-3	-983.6936662E-3	2.6465375E+0	56.5000000E+0
285.7093321E-3	-1.0011603E+0	2.6445922E+0	56.6000023E+0
285.5551867E-3	-982.5400049E-3	2.6431689E+0	56.7000008E+0
285.3204028E-3	-1.0038404E+0	2.6410009E+0	56.7999992E+0
285.1368312E-3	-978.6263515E-3	2.6393059E+0	56.9000015E+0
284.9274524E-3	-934.0488582E-3	2.6373726E+0	57.0000000E+0
284.7090402E-3	-1.0380032E+0	2.6353559E+0	57.1000023E+0
284.5465391E-3	-1.0092091E+0	2.6338554E+0	57.2000008E+0
284.3303727E-3	-1.0257484E+0	2.6318594E+0	57.2999992E+0
284.1443324E-3	-986.0675262E-3	2.6301416E+0	57.4000015E+0
283.9442506E-3	-1.0437328E+0	2.6282941E+0	57.5000000E+0
283.7443889E-3	-975.9657965E-3	2.6264487E+0	57.6000023E+0
283.5468662E-3	-1.0122788E+0	2.6246248E+0	57.7000008E+0
283.3683789E-3	-1.0388744E+0	2.6229767E+0	57.7999992E+0
283.1777080E-3	-1.0718994E+0	2.6212161E+0	57.9000015E+0
282.9527797E-3	-1.0443119E+0	2.6191392E+0	58.0000000E+0
282.7372390E-3	-978.0404473E-3	2.6171490E+0	58.1000023E+0
282.5502552E-3	-1.0031262E+0	2.6154225E+0	58.2000008E+0
282.3222281E-3	-1.0266622E+0	2.6133170E+0	58.2999992E+0
282.1331500E-3	-1.0050531E+0	2.6115711E+0	58.4000015E+0
281.9446232E-3	-1.0414369E+0	2.6098303E+0	58.5000000E+0
281.7843293E-3	-1.0700869E+0	2.6083502E+0	58.6000023E+0
281.5637664E-3	-1.0557559E+0	2.6063136E+0	58.7000008E+0
281.3615158E-3	-1.0013600E+0	2.6044461E+0	58.7999992E+0
281.1532241E-3	-980.7716818E-3	2.6025228E+0	58.9000015E+0
280.9665247E-3	-1.0286787E+0	2.6007989E+0	59.0000000E+0
280.7934585E-3	-1.0974849E+0	2.5992009E+0	59.1000023E+0
280.5660079E-3	-1.0902595E+0	2.5971007E+0	59.2000008E+0
280.3785604E-3	-1.1120039E+0	2.5953699E+0	59.2999992E+0
280.1721899E-3	-1.0555323E+0	2.5934644E+0	59.4000015E+0
279.9759320E-3	-1.0540677E+0	2.5916522E+0	59.5000000E+0
279.7750518E-3	-1.0314581E+0	2.5897973E+0	59.6000023E+0
279.5724589E-3	-1.0403189E+0	2.5879267E+0	59.7000008E+0
279.3670380E-3	-1.0792938E+0	2.5860299E+0	59.7999992E+0
279.1631697E-3	-1.0860896E+0	2.5841475E+0	59.9000015E+0
278.9521858E-3	-1.0494244E+0	2.5821993E+0	60.0000000E+0
278.7738186E-3	-1.0798863E+0	2.5805523E+0	60.1000023E+0
