Magnetic Field (T)	Diode Voltage (V)	Hall probe (V)	Acquisition Time 		
Tesla	Volts	Volts	Seconds		
NaN	NaN	NaN	0.0000000E+0
NaN	NaN	NaN	100.0000015E-3
277.7273779E-3	-943.0218140E-3	2.5708899E+0	200.0000030E-3
277.7590203E-3	-921.7335226E-3	2.5711821E+0	300.0000119E-3
277.8237899E-3	-894.7317201E-3	2.5717801E+0	400.0000060E-3
277.9675411E-3	-902.1574352E-3	2.5731075E+0	500.0000000E-3
278.1328482E-3	-892.4306391E-3	2.5746339E+0	600.0000238E-3
278.2877433E-3	-908.5626928E-3	2.5760641E+0	699.9999881E-3
278.4515008E-3	-870.0354760E-3	2.5775762E+0	800.0000119E-3
278.6138231E-3	-908.3446345E-3	2.5790750E+0	900.0000358E-3
278.8127089E-3	-876.7287904E-3	2.5809114E+0	1.0000000E+0
278.9741256E-3	-863.8064065E-3	2.5824019E+0	1.1000000E+0
279.1483108E-3	-901.1350896E-3	2.5840103E+0	1.2000000E+0
279.3013534E-3	-855.7887004E-3	2.5854234E+0	1.3000001E+0
279.4864981E-3	-848.6896315E-3	2.5871329E+0	1.4000000E+0
279.6375692E-3	-853.0465612E-3	2.5885279E+0	1.5000000E+0
279.8455364E-3	-849.2230857E-3	2.5904482E+0	1.6000000E+0
280.0232690E-3	-839.3842866E-3	2.5920893E+0	1.7000000E+0
280.2094494E-3	-850.7408635E-3	2.5938084E+0	1.8000001E+0
280.3823620E-3	-871.0003629E-3	2.5954050E+0	1.9000000E+0
280.5509015E-3	-863.8745275E-3	2.5969612E+0	2.0000000E+0
280.7288190E-3	-836.2125305E-3	2.5986041E+0	2.1000001E+0
280.9195396E-3	-812.8052302E-3	2.6003651E+0	2.2000000E+0
281.0864456E-3	-776.0400744E-3	2.6019062E+0	2.3000000E+0
281.2780181E-3	-759.5957404E-3	2.6036751E+0	2.4000001E+0
281.4331724E-3	-792.6642538E-3	2.6051078E+0	2.5000000E+0
281.6179451E-3	-810.4823088E-3	2.6068139E+0	2.6000001E+0
281.8031021E-3	-791.7753749E-3	2.6085236E+0	2.7000000E+0
281.9936009E-3	-748.7434009E-3	2.6102826E+0	2.8000000E+0
282.1699754E-3	-818.2423872E-3	2.6119111E+0	2.9000001E+0
282.3425003E-3	-781.4249929E-3	2.6135042E+0	3.0000000E+0
282.5276210E-3	-739.5784143E-3	2.6152135E+0	3.1000001E+0
282.6782235E-3	-682.0508834E-3	2.6166041E+0	3.2000000E+0
282.8873174E-3	-716.1835044E-3	2.6185348E+0	3.3000000E+0
283.0490358E-3	-687.0860463E-3	2.6200280E+0	3.4000001E+0
283.2340599E-3	-695.1104635E-3	2.6217365E+0	3.5000000E+0
283.4563100E-3	-701.9881005E-3	2.6237886E+0	3.6000001E+0
283.6198373E-3	-646.7580192E-3	2.6252986E+0	3.7000000E+0
283.7848092E-3	-592.0952720E-3	2.6268219E+0	3.8000000E+0
283.9811347E-3	-585.4293123E-3	2.6286347E+0	3.9000001E+0
284.1451073E-3	-552.1352972E-3	2.6301487E+0	4.0000000E+0
284.3398189E-3	-570.1030780E-3	2.6319466E+0	4.0999999E+0
284.5085991E-3	-619.9790309E-3	2.6335051E+0	4.2000003E+0
284.7105295E-3	-590.7466051E-3	2.6353696E+0	4.3000002E+0
284.8831773E-3	-549.7691541E-3	2.6369638E+0	4.4000001E+0
285.0488554E-3	-456.1469579E-3	2.6384936E+0	4.5000000E+0
285.2256037E-3	-445.7538753E-3	2.6401256E+0	4.5999999E+0
285.4276760E-3	-476.1502894E-3	2.6419915E+0	4.7000003E+0
285.6043538E-3	-449.2774556E-3	2.6436228E+0	4.8000002E+0
285.7690448E-3	-454.0844602E-3	2.6451435E+0	4.9000001E+0
285.9607559E-3	-436.0228132E-3	2.6469137E+0	5.0000000E+0
286.1504363E-3	-399.1107377E-3	2.6486652E+0	5.0999999E+0
286.3256477E-3	-429.4042070E-3	2.6502830E+0	5.2000003E+0
286.4968234E-3	-328.9544818E-3	2.6518636E+0	5.3000002E+0
286.6586491E-3	-323.7769798E-3	2.6533578E+0	5.4000001E+0
286.8685000E-3	-255.4559146E-3	2.6552955E+0	5.5000000E+0
287.0452991E-3	-291.4302669E-3	2.6569280E+0	5.5999999E+0
287.2036047E-3	-182.2047823E-3	2.6583897E+0	5.7000003E+0
287.4001995E-3	-179.5934791E-3	2.6602050E+0	5.8000002E+0
287.5733970E-3	-134.6132490E-3	2.6618042E+0	5.9000001E+0
287.7510603E-3	-111.6111925E-3	2.6634447E+0	6.0000000E+0
287.9279504E-3	-1.3909852E-3	2.6650780E+0	6.0999999E+0
288.0901515E-3	44.7524852E-3	2.6665757E+0	6.2000003E+0
288.2779616E-3	127.3822571E-3	2.6683099E+0	6.3000002E+0
288.4489027E-3	90.7101267E-3	2.6698883E+0	6.4000001E+0
288.6455075E-3	119.9221978E-3	2.6717037E+0	6.5000000E+0
288.8208764E-3	168.5097950E-3	2.6733230E+0	6.5999999E+0
288.9919036E-3	260.8420622E-3	2.6749022E+0	6.7000003E+0
289.1595079E-3	298.5068726E-3	2.6764497E+0	6.8000002E+0
289.3443610E-3	363.2342507E-3	2.6781566E+0	6.9000001E+0
289.5254791E-3	396.3161982E-3	2.6798290E+0	7.0000000E+0
289.6962183E-3	392.6822311E-3	2.6814055E+0	7.0999999E+0
289.8841268E-3	486.8203971E-3	2.6831406E+0	7.2000003E+0
290.0539518E-3	580.1227297E-3	2.6847087E+0	7.3000002E+0
290.2285978E-3	584.9106794E-3	2.6863213E+0	7.4000001E+0
290.4127822E-3	660.7638660E-3	2.6880220E+0	7.5000000E+0
290.5766039E-3	735.1625521E-3	2.6895347E+0	7.5999999E+0
290.7653089E-3	733.5726918E-3	2.6912771E+0	7.7000003E+0
290.9514089E-3	722.8003066E-3	2.6929955E+0	7.8000002E+0
291.1221936E-3	750.5930157E-3	2.6945724E+0	7.9000001E+0
291.3208683E-3	798.0942885E-3	2.6964069E+0	8.0000000E+0
291.5259533E-3	815.1806339E-3	2.6983006E+0	8.1000004E+0
291.7000922E-3	799.7627102E-3	2.6999085E+0	8.1999998E+0
291.9062193E-3	811.3298912E-3	2.7018118E+0	8.3000002E+0
292.0745648E-3	808.6371279E-3	2.7033662E+0	8.4000006E+0
292.2799968E-3	705.4682852E-3	2.7052631E+0	8.5000000E+0
292.4731458E-3	616.3620862E-3	2.7070466E+0	8.6000004E+0
292.6763237E-3	541.9308614E-3	2.7089227E+0	8.6999998E+0
292.8772524E-3	457.5061751E-3	2.7107780E+0	8.8000002E+0
293.0621357E-3	305.8022109E-3	2.7124851E+0	8.9000006E+0
293.3104652E-3	163.8415289E-3	2.7147781E+0	9.0000000E+0
293.5062404E-3	-3.5270408E-3	2.7165858E+0	9.1000004E+0
293.7225258E-3	-251.3270503E-3	2.7185829E+0	9.1999998E+0
293.9262729E-3	-478.3310420E-3	2.7204642E+0	9.3000002E+0
294.1748566E-3	-752.2233262E-3	2.7227595E+0	9.4000006E+0
294.4004831E-3	-1.0357771E+0	2.7248429E+0	9.5000000E+0
294.6095754E-3	-1.2666517E+0	2.7267735E+0	9.6000004E+0
294.8201280E-3	-1.5190657E+0	2.7287177E+0	9.6999998E+0
295.0603989E-3	-1.8541290E+0	2.7309363E+0	9.8000002E+0
295.2659935E-3	-2.1596937E+0	2.7328347E+0	9.9000006E+0
295.5030489E-3	-2.3866986E+0	2.7350235E+0	10.0000000E+0
295.7258487E-3	-2.6470000E+0	2.7370808E+0	10.1000004E+0
295.9353633E-3	-2.9446358E+0	2.7390154E+0	10.1999998E+0
296.1485281E-3	-3.2015071E+0	2.7409836E+0	10.3000002E+0
296.3802255E-3	-3.3618787E+0	2.7431230E+0	10.4000006E+0
296.5857748E-3	-3.4776761E+0	2.7450210E+0	10.5000000E+0
296.7823612E-3	-3.6172086E+0	2.7468362E+0	10.6000004E+0
296.9616116E-3	-3.7937113E+0	2.7484913E+0	10.6999998E+0
297.1788657E-3	-3.8164947E+0	2.7504974E+0	10.8000002E+0
297.3480125E-3	-3.8311318E+0	2.7520592E+0	10.9000006E+0
297.5505647E-3	-3.8784825E+0	2.7539295E+0	11.0000000E+0
297.6640548E-3	-3.8598330E+0	2.7549774E+0	11.1000004E+0
297.7596977E-3	-3.7561882E+0	2.7558606E+0	11.1999998E+0
298.1354653E-3	-3.7240869E+0	2.7593302E+0	11.3000002E+0
298.2853705E-3	-3.6407519E+0	2.7607144E+0	11.4000006E+0
298.4201861E-3	-3.5434799E+0	2.7619592E+0	11.5000000E+0
298.5884876E-3	-3.5226006E+0	2.7635133E+0	11.6000004E+0
298.7642152E-3	-3.4021582E+0	2.7651359E+0	11.6999998E+0
298.9638932E-3	-3.3391788E+0	2.7669796E+0	11.8000002E+0
299.1261283E-3	-3.2138507E+0	2.7684776E+0	11.9000006E+0
299.3036458E-3	-3.0866057E+0	2.7701168E+0	12.0000000E+0
299.5049439E-3	-2.9415972E+0	2.7719755E+0	12.1000004E+0
299.6677008E-3	-2.8720016E+0	2.7734783E+0	12.1999998E+0
299.8405681E-3	-2.7659289E+0	2.7750745E+0	12.3000002E+0
300.0036351E-3	-2.6523042E+0	2.7765802E+0	12.4000006E+0
300.1905664E-3	-2.5664301E+0	2.7783062E+0	12.5000000E+0
300.3784949E-3	-2.4910002E+0	2.7800415E+0	12.6000004E+0
300.5654848E-3	-2.4722190E+0	2.7817681E+0	12.6999998E+0
300.7452296E-3	-2.3169197E+0	2.7834278E+0	12.8000002E+0
300.9070151E-3	-2.2701603E+0	2.7849217E+0	12.9000006E+0
301.0841153E-3	-2.1541360E+0	2.7865569E+0	13.0000000E+0
301.2469264E-3	-2.0456525E+0	2.7880603E+0	13.1000004E+0
301.4296399E-3	-1.9871132E+0	2.7897474E+0	13.1999998E+0
301.6223845E-3	-1.9179211E+0	2.7915271E+0	13.3000002E+0
301.8265355E-3	-1.9281902E+0	2.7934121E+0	13.4000006E+0
302.0139517E-3	-1.7899658E+0	2.7951427E+0	13.5000000E+0
302.1874017E-3	-1.7895914E+0	2.7967442E+0	13.6000004E+0
302.3834155E-3	-1.7427113E+0	2.7985542E+0	13.6999998E+0
302.5457551E-3	-1.7059487E+0	2.8000531E+0	13.8000002E+0
302.7541608E-3	-1.6650390E+0	2.8019775E+0	13.9000006E+0
302.9386346E-3	-1.6073152E+0	2.8036808E+0	14.0000000E+0
303.1498441E-3	-1.6179674E+0	2.8056311E+0	14.1000004E+0
303.3216243E-3	-1.5377354E+0	2.8072172E+0	14.1999998E+0
303.4856415E-3	-1.4746224E+0	2.8087317E+0	14.3000002E+0
303.6739242E-3	-1.5023411E+0	2.8104702E+0	14.4000006E+0
303.8670548E-3	-1.4707021E+0	2.8122535E+0	14.5000000E+0
304.0567223E-3	-1.4099545E+0	2.8140048E+0	14.6000004E+0
304.2543919E-3	-1.4279384E+0	2.8158300E+0	14.6999998E+0
304.4606334E-3	-1.3984404E+0	2.8177344E+0	14.8000002E+0
304.6415347E-3	-1.3856098E+0	2.8194048E+0	14.9000006E+0
304.8360703E-3	-1.4155986E+0	2.8212010E+0	15.0000000E+0
305.0066186E-3	-1.3817709E+0	2.8227758E+0	15.1000004E+0
305.1966621E-3	-1.2910794E+0	2.8245306E+0	15.1999998E+0
305.3906989E-3	-1.2546227E+0	2.8263222E+0	15.3000002E+0
305.5505810E-3	-1.2624959E+0	2.8277985E+0	15.4000006E+0
305.7385843E-3	-1.2984238E+0	2.8295345E+0	15.5000000E+0
305.9232587E-3	-1.2833590E+0	2.8312397E+0	15.6000004E+0
306.1060046E-3	-1.2380645E+0	2.8329271E+0	15.6999998E+0
306.2888141E-3	-1.2401312E+0	2.8346151E+0	15.8000002E+0
306.4908434E-3	-1.2309282E+0	2.8364805E+0	15.9000006E+0
306.6616376E-3	-1.2152063E+0	2.8380576E+0	16.0000000E+0
306.8376239E-3	-1.1750718E+0	2.8396826E+0	16.1000004E+0
307.0472765E-3	-1.2096514E+0	2.8416184E+0	16.2000008E+0
307.2423947E-3	-1.2067825E+0	2.8434201E+0	16.3000011E+0
307.3939787E-3	-1.1885036E+0	2.8448197E+0	16.3999996E+0
307.5908232E-3	-1.1393583E+0	2.8466373E+0	16.5000000E+0
307.7866889E-3	-1.1938265E+0	2.8484459E+0	16.6000004E+0
307.9625154E-3	-1.1650703E+0	2.8500694E+0	16.7000008E+0
308.1707345E-3	-1.1672274E+0	2.8519920E+0	16.8000011E+0
308.3730627E-3	-1.1595266E+0	2.8538602E+0	16.8999996E+0
308.5554382E-3	-1.1673575E+0	2.8555442E+0	17.0000000E+0
308.7623545E-3	-1.1715743E+0	2.8574548E+0	17.1000004E+0
308.9473713E-3	-1.1748748E+0	2.8591632E+0	17.2000008E+0
309.1184834E-3	-1.1722949E+0	2.8607432E+0	17.3000011E+0
309.3041410E-3	-1.1059090E+0	2.8624574E+0	17.3999996E+0
309.4875762E-3	-1.1308862E+0	2.8641512E+0	17.5000000E+0
309.7091055E-3	-1.1315191E+0	2.8661967E+0	17.6000004E+0
309.8952727E-3	-1.2082936E+0	2.8679157E+0	17.7000008E+0
310.0768309E-3	-1.1437064E+0	2.8695922E+0	17.8000011E+0
310.2846529E-3	-1.1456107E+0	2.8715111E+0	17.8999996E+0
310.4772248E-3	-1.1518806E+0	2.8732892E+0	18.0000000E+0
310.6537306E-3	-1.1684887E+0	2.8749190E+0	18.1000004E+0
310.8320174E-3	-1.1328712E+0	2.8765653E+0	18.2000008E+0
311.0524273E-3	-1.1544526E+0	2.8786004E+0	18.3000011E+0
311.2250728E-3	-1.1161886E+0	2.8801946E+0	18.3999996E+0
311.4159342E-3	-1.1047485E+0	2.8819569E+0	18.5000000E+0
311.5964659E-3	-1.0974084E+0	2.8836239E+0	18.6000004E+0
311.7792149E-3	-1.1046058E+0	2.8853113E+0	18.7000008E+0
311.9789096E-3	-1.1243134E+0	2.8871552E+0	18.8000011E+0
312.1799428E-3	-1.1157736E+0	2.8890115E+0	18.8999996E+0
312.3485258E-3	-1.0523095E+0	2.8905681E+0	19.0000000E+0
312.5479814E-3	-1.0758407E+0	2.8924098E+0	19.1000004E+0
312.7535475E-3	-1.1143687E+0	2.8943079E+0	19.2000008E+0
312.9058145E-3	-1.0959647E+0	2.8957139E+0	19.3000011E+0
313.0949895E-3	-1.0956386E+0	2.8974607E+0	19.3999996E+0
313.3095264E-3	-1.1332027E+0	2.8994416E+0	19.5000000E+0
313.5081239E-3	-1.1311612E+0	2.9012754E+0	19.6000004E+0
313.7058483E-3	-1.1159526E+0	2.9031011E+0	19.7000008E+0
313.9217549E-3	-1.1524541E+0	2.9050947E+0	19.8000011E+0
314.0737037E-3	-1.1018847E+0	2.9064977E+0	19.8999996E+0
314.2877942E-3	-1.0552759E+0	2.9084746E+0	20.0000000E+0
314.4653346E-3	-1.0720454E+0	2.9101139E+0	20.1000004E+0
314.6925695E-3	-1.1294385E+0	2.9122121E+0	20.2000008E+0
314.8491377E-3	-1.1685623E+0	2.9136578E+0	20.3000011E+0
315.0464180E-3	-1.0718067E+0	2.9154794E+0	20.3999996E+0
315.2506746E-3	-1.1123110E+0	2.9173654E+0	20.5000000E+0
315.4435560E-3	-1.0922191E+0	2.9191464E+0	20.6000004E+0
315.6018974E-3	-1.1181820E+0	2.9206085E+0	20.7000008E+0
315.8015625E-3	-1.0411115E+0	2.9224521E+0	20.8000011E+0
315.9794538E-3	-1.0692020E+0	2.9240947E+0	20.8999996E+0
316.1868701E-3	-1.1160586E+0	2.9260099E+0	21.0000000E+0
316.3816381E-3	-1.0442502E+0	2.9278083E+0	21.1000004E+0
316.5707274E-3	-1.0884146E+0	2.9295543E+0	21.2000008E+0
316.7741109E-3	-1.1160551E+0	2.9314322E+0	21.3000011E+0
316.9479223E-3	-1.1397769E+0	2.9330371E+0	21.3999996E+0
317.1397993E-3	-1.1104644E+0	2.9348089E+0	21.5000000E+0
317.3277445E-3	-1.0992909E+0	2.9365443E+0	21.6000004E+0
317.5049503E-3	-1.1166208E+0	2.9381805E+0	21.7000008E+0
317.6938045E-3	-1.1058814E+0	2.9399243E+0	21.8000011E+0
317.8957678E-3	-1.0259480E+0	2.9417892E+0	21.8999996E+0
318.0936888E-3	-1.0346387E+0	2.9436167E+0	22.0000000E+0
318.2666863E-3	-1.0796296E+0	2.9452141E+0	22.1000004E+0
318.4756931E-3	-1.1271724E+0	2.9471440E+0	22.2000008E+0
318.6611574E-3	-1.1112697E+0	2.9488565E+0	22.3000011E+0
318.8539668E-3	-1.0684839E+0	2.9506368E+0	22.3999996E+0
319.0317988E-3	-1.0720138E+0	2.9522788E+0	22.5000000E+0
319.2164379E-3	-1.0231057E+0	2.9539837E+0	22.6000004E+0
319.3979727E-3	-1.0498209E+0	2.9556600E+0	22.7000008E+0
319.5972685E-3	-1.0155162E+0	2.9575002E+0	22.8000011E+0
319.7772318E-3	-1.0644500E+0	2.9591619E+0	22.8999996E+0
320.0101660E-3	-1.0829119E+0	2.9613127E+0	23.0000000E+0
320.2197493E-3	-1.1272356E+0	2.9632479E+0	23.1000004E+0
320.3895704E-3	-1.0768900E+0	2.9648160E+0	23.2000008E+0
320.6046262E-3	-1.0872568E+0	2.9668017E+0	23.3000011E+0
320.7835565E-3	-1.0427765E+0	2.9684539E+0	23.3999996E+0
320.9634371E-3	-1.1050793E+0	2.9701148E+0	23.5000000E+0
321.1486453E-3	-1.0945624E+0	2.9718250E+0	23.6000004E+0
321.3357629E-3	-1.0510213E+0	2.9735528E+0	23.7000008E+0
321.5376050E-3	-1.0581103E+0	2.9754165E+0	23.8000011E+0
321.7424583E-3	-1.0527611E+0	2.9773080E+0	23.8999996E+0
321.9232696E-3	-1.0639862E+0	2.9789776E+0	24.0000000E+0
322.1019815E-3	-1.0059892E+0	2.9806277E+0	24.1000004E+0
322.3353654E-3	-1.0149088E+0	2.9827827E+0	24.2000008E+0
322.5100372E-3	-1.0683763E+0	2.9843955E+0	24.3000011E+0
322.6685942E-3	-1.0223216E+0	2.9858596E+0	24.3999996E+0
322.8711464E-3	-1.0592202E+0	2.9877299E+0	24.5000000E+0
323.0624546E-3	-1.1193217E+0	2.9894963E+0	24.6000004E+0
323.2715749E-3	-1.1283847E+0	2.9914273E+0	24.7000008E+0
323.4657870E-3	-1.0970011E+0	2.9932206E+0	24.8000011E+0
323.6638638E-3	-1.1336853E+0	2.9950495E+0	24.8999996E+0
323.8491639E-3	-1.0514120E+0	2.9967605E+0	25.0000000E+0
324.0342974E-3	-1.1023164E+0	2.9984700E+0	25.1000004E+0
324.2554174E-3	-1.0699011E+0	3.0005117E+0	25.2000008E+0
324.4142906E-3	-1.0827852E+0	3.0019787E+0	25.3000011E+0
324.6010655E-3	-1.0698572E+0	3.0037033E+0	25.3999996E+0
324.7917509E-3	-1.0790514E+0	3.0054640E+0	25.5000000E+0
324.9989141E-3	-1.0955043E+0	3.0073769E+0	25.6000004E+0
325.1990954E-3	-1.0828416E+0	3.0092253E+0	25.7000008E+0
325.3824748E-3	-1.0541888E+0	3.0109185E+0	25.8000011E+0
325.5462691E-3	-1.0451959E+0	3.0124309E+0	25.8999996E+0
325.7716795E-3	-1.0839930E+0	3.0145123E+0	26.0000000E+0
325.9377269E-3	-1.0959364E+0	3.0160455E+0	26.1000004E+0
326.1251056E-3	-1.0671271E+0	3.0177757E+0	26.2000008E+0
326.3190362E-3	-1.0983996E+0	3.0195664E+0	26.3000011E+0
326.5081658E-3	-1.0993185E+0	3.0213127E+0	26.3999996E+0
326.7103599E-3	-1.0511764E+0	3.0231797E+0	26.5000000E+0
326.8984297E-3	-1.1007228E+0	3.0249162E+0	26.6000004E+0
327.0868034E-3	-1.0902429E+0	3.0266556E+0	26.7000008E+0
327.2517530E-3	-1.1173497E+0	3.0281787E+0	26.8000011E+0
327.4720042E-3	-979.0833695E-3	3.0302124E+0	26.8999996E+0
327.6777592E-3	-1.0217765E+0	3.0321123E+0	27.0000000E+0
327.8673183E-3	-1.1312674E+0	3.0338626E+0	27.1000004E+0
328.0674342E-3	-1.1333374E+0	3.0357104E+0	27.2000008E+0
328.2352095E-3	-1.0933575E+0	3.0372596E+0	27.3000011E+0
328.4518262E-3	-1.0561729E+0	3.0392597E+0	27.3999996E+0
328.6259767E-3	-1.0413766E+0	3.0408677E+0	27.5000000E+0
328.7998748E-3	-1.0235629E+0	3.0424735E+0	27.6000004E+0
329.0239461E-3	-1.0599020E+0	3.0445424E+0	27.7000008E+0
329.2317853E-3	-1.0658542E+0	3.0464615E+0	27.8000011E+0
329.4000253E-3	-1.0701096E+0	3.0480150E+0	27.8999996E+0
329.5915113E-3	-1.0401987E+0	3.0497831E+0	28.0000000E+0
329.7785291E-3	-1.0784501E+0	3.0515100E+0	28.1000004E+0
329.9600918E-3	-1.0236453E+0	3.0531864E+0	28.2000008E+0
330.1591681E-3	-1.0779436E+0	3.0550246E+0	28.3000011E+0
330.3228239E-3	-1.0886287E+0	3.0565358E+0	28.3999996E+0
330.5519543E-3	-1.1534084E+0	3.0586515E+0	28.5000000E+0
330.7233055E-3	-1.0993831E+0	3.0602337E+0	28.6000004E+0
330.9039955E-3	-1.0858340E+0	3.0619021E+0	28.7000008E+0
331.1142721E-3	-1.0643561E+0	3.0638437E+0	28.8000011E+0
331.3125719E-3	-1.1155643E+0	3.0656747E+0	28.8999996E+0
331.4918408E-3	-1.0608180E+0	3.0673300E+0	29.0000000E+0
331.6720163E-3	-1.0525737E+0	3.0689937E+0	29.1000004E+0
331.8562130E-3	-1.0458262E+0	3.0706945E+0	29.2000008E+0
332.0257592E-3	-1.0558154E+0	3.0722600E+0	29.3000011E+0
332.2695262E-3	-1.1301030E+0	3.0745109E+0	29.3999996E+0
332.4563535E-3	-1.0588815E+0	3.0762360E+0	29.5000000E+0
332.6197065E-3	-1.0904863E+0	3.0777443E+0	29.6000004E+0
332.8318960E-3	-1.0852662E+0	3.0797036E+0	29.7000008E+0
333.0113631E-3	-1.0232305E+0	3.0813607E+0	29.8000011E+0
333.1939096E-3	-1.0284336E+0	3.0830463E+0	29.8999996E+0
333.3781946E-3	-1.0688965E+0	3.0847479E+0	30.0000000E+0
333.5733000E-3	-1.1102229E+0	3.0865494E+0	30.1000004E+0
333.7768762E-3	-1.0508182E+0	3.0884291E+0	30.2000008E+0
333.9576919E-3	-1.0961011E+0	3.0900987E+0	30.3000011E+0
334.0284838E-3	-1.0278899E+0	3.0907524E+0	30.3999996E+0
333.9933242E-3	-1.1051261E+0	3.0904277E+0	30.5000000E+0
333.8910866E-3	-1.0944131E+0	3.0894837E+0	30.6000004E+0
333.7491477E-3	-1.0737197E+0	3.0881731E+0	30.7000008E+0
333.5853109E-3	-1.0442524E+0	3.0866603E+0	30.8000011E+0
333.4486495E-3	-1.0517204E+0	3.0853984E+0	30.8999996E+0
333.3104116E-3	-1.0923324E+0	3.0841220E+0	31.0000000E+0
333.1732855E-3	-1.1035198E+0	3.0828558E+0	31.1000004E+0
332.9785725E-3	-1.0250349E+0	3.0810579E+0	31.2000008E+0
332.8358487E-3	-1.0830504E+0	3.0797401E+0	31.3000011E+0
332.6480992E-3	-1.0883497E+0	3.0780065E+0	31.3999996E+0
332.5296079E-3	-1.0957740E+0	3.0769124E+0	31.5000000E+0
332.3289964E-3	-1.0243192E+0	3.0750600E+0	31.6000004E+0
332.1765689E-3	-1.0726484E+0	3.0736525E+0	31.7000008E+0
332.0032781E-3	-1.0827846E+0	3.0720524E+0	31.8000011E+0
331.8434669E-3	-1.1086568E+0	3.0705768E+0	31.8999996E+0
331.6914790E-3	-1.1990302E+0	3.0691734E+0	32.0000000E+0
331.4992803E-3	-1.0604053E+0	3.0673987E+0	32.1000023E+0
331.3506406E-3	-1.0653355E+0	3.0660262E+0	32.2000008E+0
331.1724614E-3	-1.0957915E+0	3.0643810E+0	32.2999992E+0
330.9973673E-3	-1.1194039E+0	3.0627642E+0	32.4000015E+0
330.8222732E-3	-1.0434364E+0	3.0611475E+0	32.5000000E+0
330.6351157E-3	-1.0481878E+0	3.0594194E+0	32.6000023E+0
330.4743023E-3	-1.0548102E+0	3.0579345E+0	32.7000008E+0
330.2952312E-3	-1.0935394E+0	3.0562810E+0	32.7999992E+0
330.1417115E-3	-1.0990244E+0	3.0548634E+0	32.9000015E+0
329.9640750E-3	-1.1398232E+0	3.0532232E+0	33.0000000E+0
329.7906864E-3	-1.0929064E+0	3.0516222E+0	33.1000023E+0
329.5804601E-3	-1.0705657E+0	3.0496811E+0	33.2000008E+0
329.3883530E-3	-1.0415365E+0	3.0479072E+0	33.2999992E+0
329.2407248E-3	-1.0542977E+0	3.0465441E+0	33.4000015E+0
329.0578526E-3	-1.0989428E+0	3.0448555E+0	33.5000000E+0
328.8919823E-3	-1.0599529E+0	3.0433239E+0	33.6000023E+0
328.7213300E-3	-1.1208597E+0	3.0417482E+0	33.7000008E+0
328.5248978E-3	-1.0690081E+0	3.0399344E+0	33.7999992E+0
328.3597287E-3	-1.0746607E+0	3.0384093E+0	33.9000015E+0
328.1664243E-3	-1.0069730E+0	3.0366244E+0	34.0000000E+0
328.0078947E-3	-1.0553533E+0	3.0351606E+0	34.1000023E+0
327.8504248E-3	-1.0572072E+0	3.0337066E+0	34.2000008E+0
327.6517854E-3	-1.0596140E+0	3.0318724E+0	34.2999992E+0
327.4961456E-3	-1.0625175E+0	3.0304353E+0	34.4000015E+0
327.3052575E-3	-1.0954841E+0	3.0286727E+0	34.5000000E+0
327.1347174E-3	-1.0566488E+0	3.0270980E+0	34.6000023E+0
326.9704494E-3	-1.0406403E+0	3.0255813E+0	34.7000008E+0
326.7989546E-3	-1.0998746E+0	3.0239977E+0	34.7999992E+0
326.6309347E-3	-1.0837901E+0	3.0224463E+0	34.9000015E+0
326.4308780E-3	-1.0444731E+0	3.0205991E+0	35.0000000E+0
326.2455729E-3	-1.0290151E+0	3.0188880E+0	35.1000023E+0
326.0763256E-3	-1.0665246E+0	3.0173253E+0	35.2000008E+0
325.9271349E-3	-1.1125186E+0	3.0159477E+0	35.2999992E+0
325.7175795E-3	-1.1197308E+0	3.0140127E+0	35.4000015E+0
325.5560712E-3	-1.0882394E+0	3.0125214E+0	35.5000000E+0
325.4022397E-3	-1.0999756E+0	3.0111010E+0	35.6000023E+0
325.1869191E-3	-1.0576419E+0	3.0091128E+0	35.7000008E+0
325.0268169E-3	-1.0304878E+0	3.0076345E+0	35.7999992E+0
324.8458804E-3	-1.0434120E+0	3.0059638E+0	35.9000015E+0
324.7053035E-3	-1.0429776E+0	3.0046658E+0	36.0000000E+0
324.5214900E-3	-1.0195872E+0	3.0029685E+0	36.1000023E+0
324.3126089E-3	-946.6692629E-3	3.0010398E+0	36.2000008E+0
324.1496493E-3	-1.0401556E+0	2.9995351E+0	36.2999992E+0
323.9684742E-3	-1.0557676E+0	2.9978622E+0	36.4000015E+0
323.7741800E-3	-1.0266945E+0	2.9960681E+0	36.5000000E+0
323.6003015E-3	-1.0643219E+0	2.9944626E+0	36.6000023E+0
323.4221454E-3	-1.0996993E+0	2.9928176E+0	36.7000008E+0
323.2499273E-3	-1.0810307E+0	2.9912274E+0	36.7999992E+0
323.0486231E-3	-1.0628501E+0	2.9893686E+0	36.9000015E+0
322.8774848E-3	-1.0928303E+0	2.9877884E+0	37.0000000E+0
322.7008633E-3	-1.1227674E+0	2.9861576E+0	37.1000023E+0
322.5155717E-3	-1.0725671E+0	2.9844466E+0	37.2000008E+0
322.3507455E-3	-1.0415730E+0	2.9829247E+0	37.2999992E+0
322.1431638E-3	-1.0251351E+0	2.9810080E+0	37.4000015E+0
321.9444568E-3	-978.6910009E-3	2.9791732E+0	37.5000000E+0
321.8015475E-3	-1.1302252E+0	2.9778536E+0	37.6000023E+0
321.5812465E-3	-1.0779770E+0	2.9758195E+0	37.7000008E+0
321.4233554E-3	-1.0241622E+0	2.9743615E+0	37.7999992E+0
321.2318326E-3	-1.0724037E+0	2.9725931E+0	37.9000015E+0
321.0544458E-3	-1.0921191E+0	2.9709552E+0	38.0000000E+0
320.8608795E-3	-1.0447509E+0	2.9691679E+0	38.1000023E+0
320.6861251E-3	-1.0145107E+0	2.9675542E+0	38.2000008E+0
320.5102773E-3	-1.0393915E+0	2.9659305E+0	38.2999992E+0
320.3366530E-3	-1.0960554E+0	2.9643274E+0	38.4000015E+0
320.1625304E-3	-1.0966141E+0	2.9627196E+0	38.5000000E+0
319.9734076E-3	-1.0809418E+0	2.9609733E+0	38.6000023E+0
319.7874031E-3	-1.0642478E+0	2.9592558E+0	38.7000008E+0
319.6245568E-3	-1.1045610E+0	2.9577521E+0	38.7999992E+0
319.4037336E-3	-1.0366741E+0	2.9557131E+0	38.9000015E+0
319.2462127E-3	-1.0493009E+0	2.9542587E+0	39.0000000E+0
319.0719985E-3	-1.0815947E+0	2.9526500E+0	39.1000023E+0
318.8917995E-3	-1.0690360E+0	2.9509861E+0	39.2000008E+0
318.7141507E-3	-1.1371304E+0	2.9493458E+0	39.2999992E+0
318.5427744E-3	-1.1131439E+0	2.9477634E+0	39.4000015E+0
318.3420233E-3	-1.0729175E+0	2.9459097E+0	39.5000000E+0
318.1524909E-3	-1.0738463E+0	2.9441597E+0	39.6000023E+0
317.9796929E-3	-1.0521549E+0	2.9425641E+0	39.7000008E+0
317.7845512E-3	-1.0865395E+0	2.9407622E+0	39.7999992E+0
317.6050795E-3	-1.0423868E+0	2.9391051E+0	39.9000015E+0
317.4325094E-3	-1.0624957E+0	2.9375116E+0	40.0000000E+0
317.2576717E-3	-1.0661288E+0	2.9358972E+0	40.1000023E+0
317.0805715E-3	-1.1669629E+0	2.9342620E+0	40.2000008E+0
316.8975938E-3	-1.0524646E+0	2.9325724E+0	40.2999992E+0
316.7118697E-3	-1.0272468E+0	2.9308575E+0	40.4000015E+0
316.5360024E-3	-1.0808557E+0	2.9292336E+0	40.5000000E+0
316.3586503E-3	-1.0912920E+0	2.9275960E+0	40.6000023E+0
316.1773675E-3	-1.0871059E+0	2.9259221E+0	40.7000008E+0
315.9742930E-3	-1.0587849E+0	2.9240470E+0	40.7999992E+0
315.8044027E-3	-1.0798464E+0	2.9224783E+0	40.9000015E+0
315.6224512E-3	-1.0641416E+0	2.9207983E+0	41.0000000E+0
315.4215241E-3	-1.0797374E+0	2.9189430E+0	41.1000023E+0
315.2298929E-3	-1.1314581E+0	2.9171735E+0	41.2000008E+0
315.0516620E-3	-1.0312651E+0	2.9155278E+0	41.2999992E+0
314.8876185E-3	-1.1016320E+0	2.9140131E+0	41.4000015E+0
314.6995733E-3	-1.0940318E+0	2.9122768E+0	41.5000000E+0
314.5368583E-3	-1.0877779E+0	2.9107743E+0	41.6000023E+0
314.3287257E-3	-1.0640668E+0	2.9088525E+0	41.7000008E+0
314.1695766E-3	-1.1229599E+0	2.9073830E+0	41.7999992E+0
313.9823738E-3	-1.1281733E+0	2.9056544E+0	41.9000015E+0
313.7501328E-3	-1.0591927E+0	2.9035100E+0	42.0000000E+0
313.5914993E-3	-1.1427300E+0	2.9020452E+0	42.1000023E+0
313.3973659E-3	-1.1767928E+0	2.9002527E+0	42.2000008E+0
313.2198082E-3	-1.1056951E+0	2.8986132E+0	42.2999992E+0
313.0307747E-3	-1.0969940E+0	2.8968677E+0	42.4000015E+0
312.8132597E-3	-1.0783430E+0	2.8948593E+0	42.5000000E+0
312.6516586E-3	-1.1475789E+0	2.8933671E+0	42.6000023E+0
312.4646687E-3	-1.1390626E+0	2.8916405E+0	42.7000008E+0
312.2693376E-3	-1.1607248E+0	2.8898369E+0	42.7999992E+0
312.0738819E-3	-1.1204305E+0	2.8880322E+0	42.9000015E+0
311.9000777E-3	-1.0951580E+0	2.8864273E+0	43.0000000E+0
311.7195245E-3	-1.1241215E+0	2.8847602E+0	43.1000023E+0
311.5319301E-3	-1.1134831E+0	2.8830280E+0	43.2000008E+0
311.3396671E-3	-1.1032240E+0	2.8812527E+0	43.2999992E+0
311.1541190E-3	-1.1259042E+0	2.8795394E+0	43.4000015E+0
310.9559382E-3	-1.0850306E+0	2.8777095E+0	43.5000000E+0
310.7744035E-3	-1.0773102E+0	2.8760333E+0	43.6000023E+0
310.5871599E-3	-1.1284186E+0	2.8743043E+0	43.7000008E+0
310.3941589E-3	-1.1333846E+0	2.8725222E+0	43.7999992E+0
310.2116992E-3	-1.1688199E+0	2.8708375E+0	43.9000015E+0
310.0267253E-3	-1.1251387E+0	2.8691295E+0	44.0000000E+0
309.8396298E-3	-1.1588718E+0	2.8674019E+0	44.1000023E+0
309.6287085E-3	-1.1579616E+0	2.8654544E+0	44.2000008E+0
309.4531909E-3	-1.1453336E+0	2.8638337E+0	44.2999992E+0
309.2589330E-3	-1.1426140E+0	2.8620400E+0	44.4000015E+0
309.0742486E-3	-1.1191949E+0	2.8603347E+0	44.5000000E+0
308.8959115E-3	-1.1775581E+0	2.8586880E+0	44.6000023E+0
308.7296915E-3	-1.1625209E+0	2.8571532E+0	44.7000008E+0
308.5280064E-3	-1.1100250E+0	2.8552909E+0	44.7999992E+0
308.3482504E-3	-1.1976393E+0	2.8536311E+0	44.9000015E+0
308.1592353E-3	-1.1824788E+0	2.8518858E+0	45.0000000E+0
307.9674779E-3	-1.1755683E+0	2.8501152E+0	45.1000023E+0
307.7599845E-3	-1.1400564E+0	2.8481993E+0	45.2000008E+0
307.5817429E-3	-1.1547764E+0	2.8465535E+0	45.2999992E+0
307.3879576E-3	-1.2025569E+0	2.8447642E+0	45.4000015E+0
307.2201164E-3	-1.2545990E+0	2.8432144E+0	45.5000000E+0
307.0292199E-3	-1.2027973E+0	2.8414517E+0	45.6000023E+0
306.8334676E-3	-1.2034520E+0	2.8396442E+0	45.7000008E+0
306.6146710E-3	-1.2223845E+0	2.8376239E+0	45.7999992E+0
306.4599089E-3	-1.2443857E+0	2.8361949E+0	45.9000015E+0
306.2290668E-3	-1.2007537E+0	2.8340634E+0	46.0000000E+0
306.0768488E-3	-1.2445693E+0	2.8326579E+0	46.1000023E+0
305.8722452E-3	-1.2581704E+0	2.8307687E+0	46.2000008E+0
305.7096615E-3	-1.2939294E+0	2.8292674E+0	46.2999992E+0
305.5040183E-3	-1.2830200E+0	2.8273686E+0	46.4000015E+0
305.3020996E-3	-1.3012804E+0	2.8255042E+0	46.5000000E+0
305.1234464E-3	-1.3378553E+0	2.8238545E+0	46.6000023E+0
304.9530790E-3	-1.3899381E+0	2.8222814E+0	46.7000008E+0
304.7544748E-3	-1.3580733E+0	2.8204476E+0	46.7999992E+0
304.5659429E-3	-1.3300105E+0	2.8187068E+0	46.9000015E+0
304.3769402E-3	-1.3961835E+0	2.8169616E+0	47.0000000E+0
304.1891363E-3	-1.4814393E+0	2.8152275E+0	47.1000023E+0
304.0113143E-3	-1.4676676E+0	2.8135855E+0	47.2000008E+0
303.8151961E-3	-1.4222585E+0	2.8117747E+0	47.2999992E+0
303.6107127E-3	-1.4139387E+0	2.8098865E+0	47.4000015E+0
303.4222462E-3	-1.4540463E+0	2.8081463E+0	47.5000000E+0
303.2182505E-3	-1.5513445E+0	2.8062627E+0	47.6000023E+0
303.0764222E-3	-1.6553689E+0	2.8049531E+0	47.7000008E+0
302.8659316E-3	-1.6150257E+0	2.8030095E+0	47.7999992E+0
302.6886107E-3	-1.5974278E+0	2.8013722E+0	47.9000015E+0
302.4816654E-3	-1.6947406E+0	2.7994614E+0	48.0000000E+0
302.3183688E-3	-1.7917462E+0	2.7979535E+0	48.1000023E+0
302.1212003E-3	-1.7567923E+0	2.7961330E+0	48.2000008E+0
301.9292663E-3	-1.8079075E+0	2.7943607E+0	48.2999992E+0
301.7385625E-3	-1.8176865E+0	2.7925998E+0	48.4000015E+0
301.5596293E-3	-1.9155664E+0	2.7909476E+0	48.5000000E+0
301.3755634E-3	-1.9732215E+0	2.7892480E+0	48.6000023E+0
301.1855590E-3	-2.0022076E+0	2.7874936E+0	48.7000008E+0
301.0177468E-3	-2.1183248E+0	2.7859441E+0	48.7999992E+0
300.8473247E-3	-2.1768892E+0	2.7843705E+0	48.9000015E+0
300.6442999E-3	-2.2363086E+0	2.7824958E+0	49.0000000E+0
300.4591965E-3	-2.3449724E+0	2.7807867E+0	49.1000023E+0
300.2859890E-3	-2.4399577E+0	2.7791873E+0	49.2000008E+0
300.1130909E-3	-2.5601670E+0	2.7775909E+0	49.2999992E+0
299.9405627E-3	-2.6364054E+0	2.7759978E+0	49.4000015E+0
299.7802537E-3	-2.7395662E+0	2.7745176E+0	49.5000000E+0
299.5716184E-3	-2.8683505E+0	2.7725911E+0	49.6000023E+0
299.4042678E-3	-2.9275850E+0	2.7710459E+0	49.7000008E+0
299.2223475E-3	-3.0883831E+0	2.7693661E+0	49.7999992E+0
299.0671368E-3	-3.1967426E+0	2.7679329E+0	49.9000015E+0
298.8643137E-3	-3.3062589E+0	2.7660601E+0	50.0000000E+0
298.7169486E-3	-3.3764236E+0	2.7646994E+0	50.1000023E+0
298.5367597E-3	-3.5587007E+0	2.7630356E+0	50.2000008E+0
298.3973799E-3	-3.5678602E+0	2.7617487E+0	50.2999992E+0
298.2065889E-3	-3.7094037E+0	2.7599870E+0	50.4000015E+0
297.9692810E-3	-3.7599188E+0	2.7577958E+0	50.5000000E+0
297.7887921E-3	-3.8455379E+0	2.7561292E+0	50.6000023E+0
297.5757222E-3	-3.9084434E+0	2.7541618E+0	50.7000008E+0
297.3755482E-3	-3.8659940E+0	2.7523135E+0	50.7999992E+0
297.1766485E-3	-3.8552415E+0	2.7504769E+0	50.9000015E+0
296.9936154E-3	-3.8245845E+0	2.7487868E+0	51.0000000E+0
296.8067512E-3	-3.7441179E+0	2.7470614E+0	51.1000023E+0
296.6008415E-3	-3.5974392E+0	2.7451601E+0	51.2000008E+0
296.3735385E-3	-3.4176379E+0	2.7430613E+0	51.2999992E+0
296.1587094E-3	-3.2611169E+0	2.7410776E+0	51.4000015E+0
295.9345460E-3	-2.9940826E+0	2.7390078E+0	51.5000000E+0
295.6788619E-3	-2.7690551E+0	2.7366469E+0	51.6000023E+0
295.4463668E-3	-2.5151972E+0	2.7345002E+0	51.7000008E+0
295.2003904E-3	-2.1483180E+0	2.7322289E+0	51.7999992E+0
294.9938282E-3	-1.8933638E+0	2.7303216E+0	51.9000015E+0
294.7615929E-3	-1.6320675E+0	2.7281772E+0	52.0000000E+0
294.4954739E-3	-1.2744355E+0	2.7257200E+0	52.1000023E+0
294.2657222E-3	-957.4902809E-3	2.7235985E+0	52.2000008E+0
294.0286227E-3	-703.4346520E-3	2.7214093E+0	52.2999992E+0
293.8336358E-3	-438.7069933E-3	2.7196088E+0	52.4000015E+0
293.5764479E-3	-207.1623166E-3	2.7172341E+0	52.5000000E+0
293.3816542E-3	-30.2026303E-3	2.7154354E+0	52.6000023E+0
293.1595147E-3	189.1440835E-3	2.7133843E+0	52.7000008E+0
292.9336010E-3	400.2786168E-3	2.7112983E+0	52.7999992E+0
292.7286600E-3	444.2582437E-3	2.7094059E+0	52.9000015E+0
292.5058066E-3	559.3585440E-3	2.7073482E+0	53.0000000E+0
292.2829263E-3	682.6962543E-3	2.7052902E+0	53.1000023E+0
292.0567177E-3	729.0146645E-3	2.7032015E+0	53.2000008E+0
291.8730746E-3	787.7678825E-3	2.7015058E+0	53.2999992E+0
291.6650521E-3	800.2346410E-3	2.6995850E+0	53.4000015E+0
291.4788577E-3	799.8026822E-3	2.6978657E+0	53.5000000E+0
291.2991905E-3	817.7778652E-3	2.6962067E+0	53.6000023E+0
291.0855894E-3	713.7219903E-3	2.6942344E+0	53.7000008E+0
290.8909286E-3	709.7651048E-3	2.6924370E+0	53.7999992E+0
290.7136173E-3	680.3876885E-3	2.6907998E+0	53.9000015E+0
290.5094171E-3	728.9740478E-3	2.6889143E+0	54.0000000E+0
290.3153178E-3	625.4919343E-3	2.6871220E+0	54.1000023E+0
290.1301932E-3	628.8528259E-3	2.6854127E+0	54.2000008E+0
289.9446000E-3	546.3415581E-3	2.6836990E+0	54.2999992E+0
289.7420056E-3	422.8520383E-3	2.6818283E+0	54.4000015E+0
289.5605252E-3	405.7298921E-3	2.6801526E+0	54.5000000E+0
289.3619612E-3	335.6392450E-3	2.6783191E+0	54.6000023E+0
289.1808438E-3	339.7840124E-3	2.6766468E+0	54.7000008E+0
288.9874009E-3	267.9848479E-3	2.6748606E+0	54.7999992E+0
288.7989803E-3	200.1562075E-3	2.6731208E+0	54.9000015E+0
288.5921582E-3	72.0126787E-3	2.6712111E+0	55.0000000E+0
288.4175670E-3	62.9718019E-3	2.6695990E+0	55.1000023E+0
288.2365373E-3	70.8148314E-3	2.6679274E+0	55.2000008E+0
288.0115967E-3	-28.9361562E-3	2.6658504E+0	55.2999992E+0
287.8216611E-3	-75.2949097E-3	2.6640966E+0	55.4000015E+0
287.6427564E-3	-138.9540537E-3	2.6624447E+0	55.5000000E+0
287.4346239E-3	-160.5053082E-3	2.6605228E+0	55.6000023E+0
287.2322834E-3	-201.1193804E-3	2.6586545E+0	55.7000008E+0
287.0542034E-3	-243.8162277E-3	2.6570102E+0	55.7999992E+0
286.8739032E-3	-222.4031805E-3	2.6553454E+0	55.9000015E+0
286.6665327E-3	-260.5010949E-3	2.6534306E+0	56.0000000E+0
286.4696994E-3	-293.9525682E-3	2.6516131E+0	56.1000023E+0
286.2951924E-3	-361.1507313E-3	2.6500018E+0	56.2000008E+0
286.0923732E-3	-430.9895382E-3	2.6481290E+0	56.2999992E+0
285.8860882E-3	-361.4770062E-3	2.6462243E+0	56.4000015E+0
285.6755965E-3	-419.4930880E-3	2.6442807E+0	56.5000000E+0
285.5026582E-3	-511.4483790E-3	2.6426838E+0	56.6000023E+0
285.2789428E-3	-487.5201902E-3	2.6406181E+0	56.7000008E+0
285.0931495E-3	-559.4225369E-3	2.6389026E+0	56.7999992E+0
284.9101723E-3	-582.4093041E-3	2.6372130E+0	56.9000015E+0
284.7177266E-3	-553.1524690E-3	2.6354361E+0	57.0000000E+0
284.5019507E-3	-582.5253975E-3	2.6334437E+0	57.1000023E+0
284.3128105E-3	-643.0587564E-3	2.6316972E+0	57.2000008E+0
284.0871135E-3	-609.7475537E-3	2.6296132E+0	57.2999992E+0
283.9164819E-3	-625.9030005E-3	2.6280377E+0	57.4000015E+0
283.7142900E-3	-677.8426015E-3	2.6261707E+0	57.5000000E+0
283.5173489E-3	-655.0898834E-3	2.6243523E+0	57.6000023E+0
283.3461503E-3	-723.1248004E-3	2.6227715E+0	57.7000008E+0
283.1345944E-3	-719.1376820E-3	2.6208180E+0	57.7999992E+0
282.9231312E-3	-679.1042783E-3	2.6188655E+0	57.9000015E+0
282.7064475E-3	-755.9239250E-3	2.6168647E+0	58.0000000E+0
282.5090421E-3	-695.6488130E-3	2.6150419E+0	58.1000023E+0
282.3580212E-3	-827.7079344E-3	2.6136475E+0	58.2000008E+0
282.1559752E-3	-816.1773876E-3	2.6117819E+0	58.2999992E+0
281.9220633E-3	-786.1338809E-3	2.6096220E+0	58.4000015E+0
281.7719642E-3	-794.1567299E-3	2.6082361E+0	58.5000000E+0
281.5668775E-3	-770.4613109E-3	2.6063424E+0	58.6000023E+0
281.3632923E-3	-748.1277538E-3	2.6044625E+0	58.7000008E+0
281.1847084E-3	-808.6930377E-3	2.6028136E+0	58.7999992E+0
280.9752530E-3	-830.0614035E-3	2.6008795E+0	58.9000015E+0
280.7711232E-3	-837.5852250E-3	2.5989947E+0	59.0000000E+0
280.5753893E-3	-866.1046092E-3	2.5971873E+0	59.1000023E+0
280.3677908E-3	-879.1956757E-3	2.5952705E+0	59.2000008E+0
280.1427432E-3	-872.1254380E-3	2.5931925E+0	59.2999992E+0
279.9590379E-3	-821.8799497E-3	2.5914962E+0	59.4000015E+0
279.7793814E-3	-791.3103615E-3	2.5898373E+0	59.5000000E+0
279.5967103E-3	-880.8913334E-3	2.5881506E+0	59.6000023E+0
279.3769870E-3	-816.4751730E-3	2.5861218E+0	59.7000008E+0
279.1732091E-3	-929.3409452E-3	2.5842402E+0	59.7999992E+0
278.9865600E-3	-851.3933617E-3	2.5825167E+0	59.9000015E+0
278.7845882E-3	-863.3716673E-3	2.5806518E+0	60.0000000E+0
